0.00512 2.71667e-47
0.00615103 2.72172e-47
0.00718207 2.72654e-47
0.0082131 2.73142e-47
0.00924414 2.73632e-47
0.0102752 2.7411e-47
0.0113062 2.74594e-47
0.0123372 2.7508e-47
0.0133683 2.75567e-47
0.0143993 2.76058e-47
0.0154303 2.76556e-47
0.0164614 2.7706e-47
0.0174924 2.77567e-47
0.0185234 2.78083e-47
0.0195545 2.78606e-47
0.0205855 2.79132e-47
0.0216166 2.79668e-47
0.0226476 2.80212e-47
0.0236786 2.80759e-47
0.0247097 2.81314e-47
0.0257407 2.81876e-47
0.0267717 2.82442e-47
0.0278028 2.83016e-47
0.0288338 2.83595e-47
0.0298648 2.84177e-47
0.0308959 2.84768e-47
0.0319269 2.85362e-47
0.0329579 2.85959e-47
0.033989 2.86563e-47
0.03502 2.8717e-47
0.036051 2.87779e-47
0.0370821 2.88395e-47
0.0381131 2.89014e-47
0.0391441 2.89634e-47
0.0401752 2.9026e-47
0.0412062 2.90887e-47
0.0422372 2.91517e-47
0.0432683 2.9215e-47
0.0442993 2.92786e-47
0.0453303 2.93423e-47
0.0463614 2.94064e-47
0.0473924 2.94706e-47
0.0484234 2.95349e-47
0.0494545 2.95995e-47
0.0504855 2.96641e-47
0.0515166 2.97289e-47
0.0525476 2.97938e-47
0.0535786 2.98589e-47
0.0546097 2.99241e-47
0.0556407 2.99894e-47
0.0566717 3.00547e-47
0.0577028 3.01201e-47
0.0587338 3.01857e-47
0.0597648 3.02512e-47
0.0607959 3.03169e-47
0.0618269 3.03825e-47
0.0628579 3.04483e-47
0.063889 3.0514e-47
0.06492 3.05797e-47
0.065951 3.06455e-47
0.0669821 3.07112e-47
0.0680131 3.0777e-47
0.0690441 3.08429e-47
0.0700752 3.09085e-47
0.0711062 3.09742e-47
0.0721372 3.104e-47
0.0731683 3.11056e-47
0.0741993 3.11713e-47
0.0752303 3.1237e-47
0.0762614 3.13024e-47
0.0772924 3.1368e-47
0.0783234 3.14335e-47
0.0793545 3.14989e-47
0.0803855 3.15644e-47
0.0814166 3.16296e-47
0.0824476 3.16949e-47
0.0834786 3.176e-47
0.0845097 3.18252e-47
0.0855407 3.18901e-47
0.0865717 3.19551e-47
0.0876028 3.20199e-47
0.0886338 3.20846e-47
0.0896648 3.21494e-47
0.0906959 3.22139e-47
0.0917269 3.22784e-47
0.0927579 3.23429e-47
0.093789 3.24071e-47
0.09482 3.24713e-47
0.095851 3.25355e-47
0.0968821 3.25994e-47
0.0979131 3.26632e-47
0.0989441 3.27271e-47
0.0999752 3.27907e-47
0.101006 3.28542e-47
0.102037 3.29178e-47
0.103068 3.29809e-47
0.104099 3.30441e-47
0.10513 3.31073e-47
0.106161 3.31702e-47
0.107192 3.3233e-47
0.108223 3.32957e-47
0.109254 3.33582e-47
0.110286 3.34206e-47
0.111317 3.3483e-47
0.112348 3.35451e-47
0.113379 3.36071e-47
0.11441 3.36691e-47
0.115441 3.37308e-47
0.116472 3.37924e-47
0.117503 3.38539e-47
0.118534 3.39152e-47
0.119565 3.39765e-47
0.120596 3.40376e-47
0.121627 3.40984e-47
0.122658 3.41593e-47
0.123689 3.42199e-47
0.12472 3.42804e-47
0.125751 3.43408e-47
0.126782 3.44009e-47
0.127813 3.44609e-47
0.128844 3.45209e-47
0.129875 3.45806e-47
0.130906 3.46401e-47
0.131937 3.46997e-47
0.132968 3.47589e-47
0.133999 3.4818e-47
0.13503 3.48771e-47
0.136061 3.49358e-47
0.137092 3.49945e-47
0.138123 3.50531e-47
0.139154 3.51113e-47
0.140186 3.51696e-47
0.141217 3.52277e-47
0.142248 3.52855e-47
0.143279 3.53432e-47
0.14431 3.54008e-47
0.145341 3.54581e-47
0.146372 3.55154e-47
0.147403 3.55725e-47
0.148434 3.56293e-47
0.149465 3.56862e-47
0.150496 3.57428e-47
0.151527 3.57991e-47
0.152558 3.58555e-47
0.153589 3.59115e-47
0.15462 3.59674e-47
0.155651 3.60232e-47
0.156682 3.60788e-47
0.157713 3.61342e-47
0.158744 3.61895e-47
0.159775 3.62446e-47
0.160806 3.62996e-47
0.161837 3.63544e-47
0.162868 3.64089e-47
0.163899 3.64633e-47
0.16493 3.65177e-47
0.165961 3.65717e-47
0.166992 3.66256e-47
0.168023 3.66795e-47
0.169054 3.67329e-47
0.170086 3.67863e-47
0.171117 3.68397e-47
0.172148 3.68927e-47
0.173179 3.69456e-47
0.17421 3.69984e-47
0.175241 3.70509e-47
0.176272 3.71033e-47
0.177303 3.71556e-47
0.178334 3.72076e-47
0.179365 3.72594e-47
0.180396 3.73112e-47
0.181427 3.73626e-47
0.182458 3.74141e-47
0.183489 3.74653e-47
0.18452 3.75162e-47
0.185551 3.7567e-47
0.186582 3.76177e-47
0.187613 3.76682e-47
0.188644 3.77185e-47
0.189675 3.77687e-47
0.190706 3.78186e-47
0.191737 3.78684e-47
0.192768 3.7918e-47
0.193799 3.79674e-47
0.19483 3.80168e-47
0.195861 3.80657e-47
0.196892 3.81147e-47
0.197923 3.81635e-47
0.198954 3.8212e-47
0.199986 3.82604e-47
0.201017 3.83087e-47
0.202048 3.83566e-47
0.203079 3.84045e-47
0.20411 3.84522e-47
0.205141 3.84996e-47
0.206172 3.8547e-47
0.207203 3.85942e-47
0.208234 3.86411e-47
0.209265 3.86879e-47
0.210296 3.87345e-47
0.211327 3.87809e-47
0.212358 3.88273e-47
0.213389 3.88734e-47
0.21442 3.89192e-47
0.215451 3.8965e-47
0.216482 3.90105e-47
0.217513 3.90559e-47
0.218544 3.91011e-47
0.219575 3.91461e-47
0.220606 3.91909e-47
0.221637 3.92357e-47
0.222668 3.92802e-47
0.223699 3.93244e-47
0.22473 3.93686e-47
0.225761 3.94125e-47
0.226792 3.94563e-47
0.227823 3.94999e-47
0.228854 3.95433e-47
0.229886 3.95866e-47
0.230917 3.96298e-47
0.231948 3.96725e-47
0.232979 3.97152e-47
0.23401 3.97578e-47
0.235041 3.98001e-47
0.236072 3.98423e-47
0.237103 3.98843e-47
0.238134 3.99261e-47
0.239165 3.99678e-47
0.240196 4.00092e-47
0.241227 4.00504e-47
0.242258 4.00916e-47
0.243289 4.01326e-47
0.24432 4.01733e-47
0.245351 4.02139e-47
0.246382 4.02543e-47
0.247413 4.02944e-47
0.248444 4.03345e-47
0.249475 4.03744e-47
0.250506 4.0414e-47
0.251537 4.04536e-47
0.252568 4.04928e-47
0.253599 4.05319e-47
0.25463 4.0571e-47
0.255661 4.06097e-47
0.256692 4.06483e-47
0.257723 4.06868e-47
0.258754 4.0725e-47
0.259786 4.07631e-47
0.260817 4.0801e-47
0.261848 4.08386e-47
0.262879 4.08762e-47
0.26391 4.09136e-47
0.264941 4.09508e-47
0.265972 4.09878e-47
0.267003 4.10247e-47
0.268034 4.10613e-47
0.269065 4.10977e-47
0.270096 4.11341e-47
0.271127 4.11701e-47
0.272158 4.12061e-47
0.273189 4.12418e-47
0.27422 4.12774e-47
0.275251 4.13128e-47
0.276282 4.1348e-47
0.277313 4.1383e-47
0.278344 4.1418e-47
0.279375 4.14527e-47
0.280406 4.14871e-47
0.281437 4.15215e-47
0.282468 4.15557e-47
0.283499 4.15897e-47
0.28453 4.16235e-47
0.285561 4.16571e-47
0.286592 4.16905e-47
0.287623 4.17238e-47
0.288654 4.17569e-47
0.289686 4.17898e-47
0.290717 4.18226e-47
0.291748 4.18552e-47
0.292779 4.18875e-47
0.29381 4.19198e-47
0.294841 4.19518e-47
0.295872 4.19837e-47
0.296903 4.20154e-47
0.297934 4.20469e-47
0.298965 4.20781e-47
0.299996 4.21094e-47
0.301027 4.21403e-47
0.302058 4.21711e-47
0.303089 4.22018e-47
0.30412 4.22322e-47
0.305151 4.22625e-47
0.306182 4.22926e-47
0.307213 4.23225e-47
0.308244 4.23522e-47
0.309275 4.23818e-47
0.310306 4.24112e-47
0.311337 4.24405e-47
0.312368 4.24696e-47
0.313399 4.24984e-47
0.31443 4.25271e-47
0.315461 4.25556e-47
0.316492 4.2584e-47
0.317523 4.26122e-47
0.318554 4.26402e-47
0.319586 4.2668e-47
0.320617 4.26957e-47
0.321648 4.27231e-47
0.322679 4.27505e-47
0.32371 4.27777e-47
0.324741 4.28045e-47
0.325772 4.28313e-47
0.326803 4.28579e-47
0.327834 4.28843e-47
0.328865 4.29106e-47
0.329896 4.29368e-47
0.330927 4.29626e-47
0.331958 4.29884e-47
0.332989 4.3014e-47
0.33402 4.30393e-47
0.335051 4.30646e-47
0.336082 4.30896e-47
0.337113 4.31145e-47
0.338144 4.31392e-47
0.339175 4.31638e-47
0.340206 4.31881e-47
0.341237 4.32123e-47
0.342268 4.32364e-47
0.343299 4.32602e-47
0.34433 4.32838e-47
0.345361 4.33074e-47
0.346392 4.33306e-47
0.347423 4.33538e-47
0.348454 4.33768e-47
0.349486 4.33996e-47
0.350517 4.34224e-47
0.351548 4.34448e-47
0.352579 4.3467e-47
0.35361 4.34892e-47
0.354641 4.35112e-47
0.355672 4.3533e-47
0.356703 4.35546e-47
0.357734 4.35761e-47
0.358765 4.35974e-47
0.359796 4.36186e-47
0.360827 4.36394e-47
0.361858 4.36602e-47
0.362889 4.36809e-47
0.36392 4.37012e-47
0.364951 4.37216e-47
0.365982 4.37417e-47
0.367013 4.37616e-47
0.368044 4.37814e-47
0.369075 4.3801e-47
0.370106 4.38204e-47
0.371137 4.38396e-47
0.372168 4.38588e-47
0.373199 4.38776e-47
0.37423 4.38964e-47
0.375261 4.3915e-47
0.376292 4.39334e-47
0.377323 4.39518e-47
0.378354 4.39698e-47
0.379386 4.39877e-47
0.380417 4.40054e-47
0.381448 4.4023e-47
0.382479 4.40404e-47
0.38351 4.40578e-47
0.384541 4.40748e-47
0.385572 4.40918e-47
0.386603 4.41086e-47
0.387634 4.41251e-47
0.388665 4.41415e-47
0.389696 4.41578e-47
0.390727 4.41739e-47
0.391758 4.41898e-47
0.392789 4.42057e-47
0.39382 4.42212e-47
0.394851 4.42367e-47
0.395882 4.42519e-47
0.396913 4.42671e-47
0.397944 4.42819e-47
0.398975 4.42968e-47
0.400006 4.43113e-47
0.401037 4.43259e-47
0.402068 4.43401e-47
0.403099 4.43543e-47
0.40413 4.43683e-47
0.405161 4.43821e-47
0.406192 4.43957e-47
0.407223 4.44092e-47
0.408254 4.44225e-47
0.409286 4.44356e-47
0.410317 4.44486e-47
0.411348 4.44614e-47
0.412379 4.44741e-47
0.41341 4.44866e-47
0.414441 4.4499e-47
0.415472 4.45112e-47
0.416503 4.45232e-47
0.417534 4.4535e-47
0.418565 4.45468e-47
0.419596 4.45584e-47
0.420627 4.45697e-47
0.421658 4.45809e-47
0.422689 4.4592e-47
0.42372 4.46029e-47
0.424751 4.46137e-47
0.425782 4.46243e-47
0.426813 4.46347e-47
0.427844 4.46449e-47
0.428875 4.46551e-47
0.429906 4.4665e-47
0.430937 4.46748e-47
0.431968 4.46844e-47
0.432999 4.46939e-47
0.43403 4.47032e-47
0.435061 4.47124e-47
0.436092 4.47214e-47
0.437123 4.47302e-47
0.438154 4.4739e-47
0.439186 4.47474e-47
0.440217 4.47558e-47
0.441248 4.47641e-47
0.442279 4.47721e-47
0.44331 4.47801e-47
0.444341 4.47878e-47
0.445372 4.47953e-47
0.446403 4.48029e-47
0.447434 4.48101e-47
0.448465 4.48173e-47
0.449496 4.48242e-47
0.450527 4.4831e-47
0.451558 4.48378e-47
0.452589 4.48442e-47
0.45362 4.48506e-47
0.454651 4.48568e-47
0.455682 4.48629e-47
0.456713 4.48688e-47
0.457744 4.48745e-47
0.458775 4.48801e-47
0.459806 4.48855e-47
0.460837 4.48909e-47
0.461868 4.4896e-47
0.462899 4.4901e-47
0.46393 4.49058e-47
0.464961 4.49105e-47
0.465992 4.4915e-47
0.467023 4.49194e-47
0.468054 4.49236e-47
0.469086 4.49277e-47
0.470117 4.49316e-47
0.471148 4.49354e-47
0.472179 4.4939e-47
0.47321 4.49425e-47
0.474241 4.49459e-47
0.475272 4.4949e-47
0.476303 4.49521e-47
0.477334 4.49549e-47
0.478365 4.49576e-47
0.479396 4.49602e-47
0.480427 4.49626e-47
0.481458 4.4965e-47
0.482489 4.49671e-47
0.48352 4.49691e-47
0.484551 4.49709e-47
0.485582 4.49727e-47
0.486613 4.49741e-47
0.487644 4.49755e-47
0.488675 4.49768e-47
0.489706 4.49779e-47
0.490737 4.49788e-47
0.491768 4.49797e-47
0.492799 4.49803e-47
0.49383 4.49808e-47
0.494861 4.49813e-47
0.495892 4.49815e-47
0.496923 4.49815e-47
0.497954 4.49815e-47
0.498986 4.49813e-47
0.500017 4.49809e-47
0.501048 4.49804e-47
0.502079 4.49798e-47
0.50311 4.4979e-47
0.504141 4.49781e-47
0.505172 4.4977e-47
0.506203 4.49758e-47
0.507234 4.49745e-47
0.508265 4.49729e-47
0.509296 4.49713e-47
0.510327 4.49696e-47
0.511358 4.49676e-47
0.512389 4.49656e-47
0.51342 4.49634e-47
0.514451 4.4961e-47
0.515482 4.49585e-47
0.516513 4.49559e-47
0.517544 4.49531e-47
0.518575 4.49502e-47
0.519606 4.49471e-47
0.520637 4.4944e-47
0.521668 4.49406e-47
0.522699 4.49372e-47
0.52373 4.49335e-47
0.524761 4.49298e-47
0.525792 4.49259e-47
0.526823 4.49219e-47
0.527854 4.49177e-47
0.528886 4.49134e-47
0.529917 4.4909e-47
0.530948 4.49044e-47
0.531979 4.48997e-47
0.53301 4.48948e-47
0.534041 4.48899e-47
0.535072 4.48847e-47
0.536103 4.48795e-47
0.537134 4.48741e-47
0.538165 4.48686e-47
0.539196 4.48628e-47
0.540227 4.48571e-47
0.541258 4.48511e-47
0.542289 4.48451e-47
0.54332 4.48389e-47
0.544351 4.48325e-47
0.545382 4.48261e-47
0.546413 4.48194e-47
0.547444 4.48126e-47
0.548475 4.48058e-47
0.549506 4.47988e-47
0.550537 4.47916e-47
0.551568 4.47843e-47
0.552599 4.47769e-47
0.55363 4.47694e-47
0.554661 4.47618e-47
0.555692 4.4754e-47
0.556723 4.4746e-47
0.557754 4.4738e-47
0.558786 4.47297e-47
0.559817 4.47213e-47
0.560848 4.47129e-47
0.561879 4.47043e-47
0.56291 4.46956e-47
0.563941 4.46868e-47
0.564972 4.46778e-47
0.566003 4.46687e-47
0.567034 4.46595e-47
0.568065 4.46501e-47
0.569096 4.46405e-47
0.570127 4.4631e-47
0.571158 4.46212e-47
0.572189 4.46113e-47
0.57322 4.46013e-47
0.574251 4.45911e-47
0.575282 4.45809e-47
0.576313 4.45705e-47
0.577344 4.456e-47
0.578375 4.45494e-47
0.579406 4.45386e-47
0.580437 4.45276e-47
0.581468 4.45167e-47
0.582499 4.45055e-47
0.58353 4.44942e-47
0.584561 4.44828e-47
0.585592 4.44712e-47
0.586623 4.44596e-47
0.587654 4.44479e-47
0.588686 4.44359e-47
0.589717 4.44239e-47
0.590748 4.44118e-47
0.591779 4.43995e-47
0.59281 4.43872e-47
0.593841 4.43746e-47
0.594872 4.4362e-47
0.595903 4.43493e-47
0.596934 4.43363e-47
0.597965 4.43233e-47
0.598996 4.43102e-47
0.600027 4.4297e-47
0.601058 4.42836e-47
0.602089 4.42701e-47
0.60312 4.42565e-47
0.604151 4.42428e-47
0.605182 4.42289e-47
0.606213 4.4215e-47
0.607244 4.42008e-47
0.608275 4.41867e-47
0.609306 4.41723e-47
0.610337 4.41579e-47
0.611368 4.41434e-47
0.612399 4.41287e-47
0.61343 4.41138e-47
0.614461 4.4099e-47
0.615492 4.40839e-47
0.616523 4.40687e-47
0.617554 4.40535e-47
0.618586 4.40381e-47
0.619617 4.40226e-47
0.620648 4.4007e-47
0.621679 4.39913e-47
0.62271 4.39755e-47
0.623741 4.39595e-47
0.624772 4.39434e-47
0.625803 4.39272e-47
0.626834 4.39109e-47
0.627865 4.38945e-47
0.628896 4.38779e-47
0.629927 4.38613e-47
0.630958 4.38445e-47
0.631989 4.38276e-47
0.63302 4.38106e-47
0.634051 4.37935e-47
0.635082 4.37763e-47
0.636113 4.37591e-47
0.637144 4.37415e-47
0.638175 4.3724e-47
0.639206 4.37064e-47
0.640237 4.36886e-47
0.641268 4.36707e-47
0.642299 4.36527e-47
0.64333 4.36346e-47
0.644361 4.36164e-47
0.645392 4.3598e-47
0.646423 4.35796e-47
0.647454 4.35611e-47
0.648486 4.35424e-47
0.649517 4.35236e-47
0.650548 4.35048e-47
0.651579 4.34858e-47
0.65261 4.34667e-47
0.653641 4.34475e-47
0.654672 4.34281e-47
0.655703 4.34088e-47
0.656734 4.33892e-47
0.657765 4.33696e-47
0.658796 4.33499e-47
0.659827 4.33301e-47
0.660858 4.33101e-47
0.661889 4.329e-47
0.66292 4.32699e-47
0.663951 4.32496e-47
0.664982 4.32293e-47
0.666013 4.32087e-47
0.667044 4.31882e-47
0.668075 4.31675e-47
0.669106 4.31468e-47
0.670137 4.31258e-47
0.671168 4.31049e-47
0.672199 4.30837e-47
0.67323 4.30626e-47
0.674261 4.30412e-47
0.675292 4.30198e-47
0.676323 4.29983e-47
0.677354 4.29767e-47
0.678386 4.29551e-47
0.679417 4.29332e-47
0.680448 4.29114e-47
0.681479 4.28893e-47
0.68251 4.28672e-47
0.683541 4.28449e-47
0.684572 4.28227e-47
0.685603 4.28002e-47
0.686634 4.27778e-47
0.687665 4.27551e-47
0.688696 4.27324e-47
0.689727 4.27096e-47
0.690758 4.26867e-47
0.691789 4.26636e-47
0.69282 4.26406e-47
0.693851 4.26173e-47
0.694882 4.25941e-47
0.695913 4.25707e-47
0.696944 4.25472e-47
0.697975 4.25236e-47
0.699006 4.24999e-47
0.700037 4.24761e-47
0.701068 4.24522e-47
0.702099 4.24282e-47
0.70313 4.24042e-47
0.704161 4.238e-47
0.705192 4.23557e-47
0.706223 4.23314e-47
0.707254 4.2307e-47
0.708286 4.22824e-47
0.709317 4.22578e-47
0.710348 4.22331e-47
0.711379 4.22082e-47
0.71241 4.21833e-47
0.713441 4.21582e-47
0.714472 4.21332e-47
0.715503 4.2108e-47
0.716534 4.20827e-47
0.717565 4.20573e-47
0.718596 4.20318e-47
0.719627 4.20063e-47
0.720658 4.19806e-47
0.721689 4.19549e-47
0.72272 4.19291e-47
0.723751 4.19031e-47
0.724782 4.18771e-47
0.725813 4.1851e-47
0.726844 4.18249e-47
0.727875 4.17985e-47
0.728906 4.17722e-47
0.729937 4.17457e-47
0.730968 4.17192e-47
0.731999 4.16925e-47
0.73303 4.16658e-47
0.734061 4.1639e-47
0.735092 4.16121e-47
0.736123 4.15851e-47
0.737154 4.15581e-47
0.738186 4.15309e-47
0.739217 4.15036e-47
0.740248 4.14764e-47
0.741279 4.14489e-47
0.74231 4.14214e-47
0.743341 4.13938e-47
0.744372 4.13661e-47
0.745403 4.13384e-47
0.746434 4.13106e-47
0.747465 4.12826e-47
0.748496 4.12546e-47
0.749527 4.12265e-47
0.750558 4.11984e-47
0.751589 4.11701e-47
0.75262 4.11417e-47
0.753651 4.11133e-47
0.754682 4.10848e-47
0.755713 4.10562e-47
0.756744 4.10276e-47
0.757775 4.09988e-47
0.758806 4.097e-47
0.759837 4.09411e-47
0.760868 4.0912e-47
0.761899 4.0883e-47
0.76293 4.08539e-47
0.763961 4.08247e-47
0.764992 4.07953e-47
0.766023 4.0766e-47
0.767054 4.07364e-47
0.768086 4.07069e-47
0.769117 4.06773e-47
0.770148 4.06476e-47
0.771179 4.06178e-47
0.77221 4.05879e-47
0.773241 4.0558e-47
0.774272 4.05279e-47
0.775303 4.04978e-47
0.776334 4.04678e-47
0.777365 4.04375e-47
0.778396 4.04071e-47
0.779427 4.03767e-47
0.780458 4.03462e-47
0.781489 4.03157e-47
0.78252 4.02851e-47
0.783551 4.02543e-47
0.784582 4.02236e-47
0.785613 4.01928e-47
0.786644 4.01618e-47
0.787675 4.01308e-47
0.788706 4.00997e-47
0.789737 4.00686e-47
0.790768 4.00374e-47
0.791799 4.00061e-47
0.79283 3.99747e-47
0.793861 3.99433e-47
0.794892 3.99118e-47
0.795923 3.98802e-47
0.796954 3.98486e-47
0.797986 3.98169e-47
0.799017 3.97851e-47
0.800048 3.97532e-47
0.801079 3.97212e-47
0.80211 3.96892e-47
0.803141 3.96572e-47
0.804172 3.96251e-47
0.805203 3.95928e-47
0.806234 3.95606e-47
0.807265 3.95282e-47
0.808296 3.94957e-47
0.809327 3.94633e-47
0.810358 3.94307e-47
0.811389 3.93981e-47
0.81242 3.93654e-47
0.813451 3.93327e-47
0.814482 3.92998e-47
0.815513 3.9267e-47
0.816544 3.9234e-47
0.817575 3.92009e-47
0.818606 3.91679e-47
0.819637 3.91347e-47
0.820668 3.91014e-47
0.821699 3.90682e-47
0.82273 3.90348e-47
0.823761 3.90014e-47
0.824792 3.89679e-47
0.825823 3.89344e-47
0.826854 3.89008e-47
0.827886 3.88671e-47
0.828917 3.88333e-47
0.829948 3.87996e-47
0.830979 3.87656e-47
0.83201 3.87317e-47
0.833041 3.86977e-47
0.834072 3.86637e-47
0.835103 3.86296e-47
0.836134 3.85954e-47
0.837165 3.85611e-47
0.838196 3.85269e-47
0.839227 3.84925e-47
0.840258 3.8458e-47
0.841289 3.84236e-47
0.84232 3.83891e-47
0.843351 3.83545e-47
0.844382 3.83198e-47
0.845413 3.8285e-47
0.846444 3.82503e-47
0.847475 3.82155e-47
0.848506 3.81805e-47
0.849537 3.81456e-47
0.850568 3.81106e-47
0.851599 3.80755e-47
0.85263 3.80403e-47
0.853661 3.80052e-47
0.854692 3.797e-47
0.855723 3.79346e-47
0.856754 3.78993e-47
0.857786 3.78639e-47
0.858817 3.78284e-47
0.859848 3.77928e-47
0.860879 3.77573e-47
0.86191 3.77217e-47
0.862941 3.76859e-47
0.863972 3.76502e-47
0.865003 3.76144e-47
0.866034 3.75785e-47
0.867065 3.75426e-47
0.868096 3.75066e-47
0.869127 3.74706e-47
0.870158 3.74345e-47
0.871189 3.73984e-47
0.87222 3.73622e-47
0.873251 3.7326e-47
0.874282 3.72897e-47
0.875313 3.72534e-47
0.876344 3.72169e-47
0.877375 3.71805e-47
0.878406 3.7144e-47
0.879437 3.71075e-47
0.880468 3.70709e-47
0.881499 3.70343e-47
0.88253 3.69976e-47
0.883561 3.69608e-47
0.884592 3.6924e-47
0.885623 3.68871e-47
0.886654 3.68503e-47
0.887686 3.68133e-47
0.888717 3.67764e-47
0.889748 3.67393e-47
0.890779 3.67021e-47
0.89181 3.6665e-47
0.892841 3.66278e-47
0.893872 3.65906e-47
0.894903 3.65533e-47
0.895934 3.6516e-47
0.896965 3.64786e-47
0.897996 3.64412e-47
0.899027 3.64037e-47
0.900058 3.63663e-47
0.901089 3.63287e-47
0.90212 3.6291e-47
0.903151 3.62534e-47
0.904182 3.62157e-47
0.905213 3.61779e-47
0.906244 3.61401e-47
0.907275 3.61024e-47
0.908306 3.60644e-47
0.909337 3.60265e-47
0.910368 3.59885e-47
0.911399 3.59506e-47
0.91243 3.59124e-47
0.913461 3.58744e-47
0.914492 3.58363e-47
0.915523 3.57981e-47
0.916554 3.57598e-47
0.917586 3.57216e-47
0.918617 3.56833e-47
0.919648 3.56449e-47
0.920679 3.56065e-47
0.92171 3.5568e-47
0.922741 3.55296e-47
0.923772 3.54911e-47
0.924803 3.54525e-47
0.925834 3.54139e-47
0.926865 3.53753e-47
0.927896 3.53366e-47
0.928927 3.52979e-47
0.929958 3.52591e-47
0.930989 3.52204e-47
0.93202 3.51815e-47
0.933051 3.51427e-47
0.934082 3.51037e-47
0.935113 3.50648e-47
0.936144 3.50258e-47
0.937175 3.49868e-47
0.938206 3.49477e-47
0.939237 3.49086e-47
0.940268 3.48694e-47
0.941299 3.48303e-47
0.94233 3.47911e-47
0.943361 3.47519e-47
0.944392 3.47125e-47
0.945423 3.46732e-47
0.946454 3.46339e-47
0.947486 3.45945e-47
0.948517 3.45551e-47
0.949548 3.45156e-47
0.950579 3.44762e-47
0.95161 3.44366e-47
0.952641 3.43971e-47
0.953672 3.43574e-47
0.954703 3.43178e-47
0.955734 3.42782e-47
0.956765 3.42384e-47
0.957796 3.41987e-47
0.958827 3.41589e-47
0.959858 3.41192e-47
0.960889 3.40793e-47
0.96192 3.40395e-47
0.962951 3.39995e-47
0.963982 3.39596e-47
0.965013 3.39196e-47
0.966044 3.38797e-47
0.967075 3.38397e-47
0.968106 3.37997e-47
0.969137 3.37596e-47
0.970168 3.37194e-47
0.971199 3.36793e-47
0.97223 3.36391e-47
0.973261 3.35989e-47
0.974292 3.35587e-47
0.975323 3.35184e-47
0.976354 3.34781e-47
0.977386 3.34379e-47
0.978417 3.33975e-47
0.979448 3.33572e-47
0.980479 3.33167e-47
0.98151 3.32763e-47
0.982541 3.32359e-47
0.983572 3.31954e-47
0.984603 3.31548e-47
0.985634 3.31143e-47
0.986665 3.30737e-47
0.987696 3.30331e-47
0.988727 3.29926e-47
0.989758 3.29519e-47
0.990789 3.29112e-47
0.99182 3.28705e-47
0.992851 3.28298e-47
0.993882 3.2789e-47
0.994913 3.27483e-47
0.995944 3.27075e-47
0.996975 3.26667e-47
0.998006 3.26258e-47
0.999037 3.2585e-47
1.00007 3.25441e-47
1.0011 3.25031e-47
1.00213 3.24623e-47
1.00316 3.24213e-47
1.00419 3.23803e-47
1.00522 3.23393e-47
1.00625 3.22983e-47
1.00729 3.22572e-47
1.00832 3.22162e-47
1.00935 3.2175e-47
1.01038 3.21339e-47
1.01141 3.20927e-47
1.01244 3.20516e-47
1.01347 3.20104e-47
1.0145 3.19692e-47
1.01553 3.1928e-47
1.01656 3.18867e-47
1.0176 3.18455e-47
1.01863 3.18042e-47
1.01966 3.17629e-47
1.02069 3.17216e-47
1.02172 3.16803e-47
1.02275 3.16389e-47
1.02378 3.15976e-47
1.02481 3.15561e-47
1.02584 3.15147e-47
1.02688 3.14733e-47
1.02791 3.14318e-47
1.02894 3.13904e-47
1.02997 3.13489e-47
1.031 3.13073e-47
1.03203 3.12658e-47
1.03306 3.12243e-47
1.03409 3.11828e-47
1.03512 3.11411e-47
1.03615 3.10995e-47
1.03719 3.1058e-47
1.03822 3.10164e-47
1.03925 3.09747e-47
1.04028 3.09331e-47
1.04131 3.08913e-47
1.04234 3.08497e-47
1.04337 3.0808e-47
1.0444 3.07663e-47
1.04543 3.07245e-47
1.04646 3.06829e-47
1.0475 3.06411e-47
1.04853 3.05992e-47
1.04956 3.05575e-47
1.05059 3.05157e-47
1.05162 3.04739e-47
1.05265 3.04321e-47
1.05368 3.03902e-47
1.05471 3.03484e-47
1.05574 3.03065e-47
1.05678 3.02647e-47
1.05781 3.02228e-47
1.05884 3.01808e-47
1.05987 3.0139e-47
1.0609 3.00971e-47
1.06193 3.00551e-47
1.06296 3.00132e-47
1.06399 2.99712e-47
1.06502 2.99292e-47
1.06605 2.98873e-47
1.06709 2.98453e-47
1.06812 2.98033e-47
1.06915 2.97612e-47
1.07018 2.97193e-47
1.07121 2.96773e-47
1.07224 2.96352e-47
1.07327 2.95932e-47
1.0743 2.95512e-47
1.07533 2.95091e-47
1.07636 2.9467e-47
1.0774 2.94249e-47
1.07843 2.93828e-47
1.07946 2.93408e-47
1.08049 2.92986e-47
1.08152 2.92565e-47
1.08255 2.92144e-47
1.08358 2.91723e-47
1.08461 2.91302e-47
1.08564 2.9088e-47
1.08668 2.90459e-47
1.08771 2.90037e-47
1.08874 2.89616e-47
1.08977 2.89194e-47
1.0908 2.88773e-47
1.09183 2.88351e-47
1.09286 2.87929e-47
1.09389 2.87507e-47
1.09492 2.87086e-47
1.09595 2.86663e-47
1.09699 2.86241e-47
1.09802 2.85819e-47
1.09905 2.85398e-47
1.10008 2.84976e-47
1.10111 2.84553e-47
1.10214 2.84131e-47
1.10317 2.83709e-47
1.1042 2.83286e-47
1.10523 2.82864e-47
1.10626 2.82442e-47
1.1073 2.82019e-47
1.10833 2.81597e-47
1.10936 2.81175e-47
1.11039 2.80752e-47
1.11142 2.8033e-47
1.11245 2.79908e-47
1.11348 2.79485e-47
1.11451 2.79063e-47
1.11554 2.7864e-47
1.11658 2.78218e-47
1.11761 2.77795e-47
1.11864 2.77373e-47
1.11967 2.7695e-47
1.1207 2.76528e-47
1.12173 2.76106e-47
1.12276 2.75683e-47
1.12379 2.75261e-47
1.12482 2.74838e-47
1.12585 2.74416e-47
1.12689 2.73992e-47
1.12792 2.7357e-47
1.12895 2.73147e-47
1.12998 2.72725e-47
1.13101 2.72303e-47
1.13204 2.7188e-47
1.13307 2.71458e-47
1.1341 2.71035e-47
1.13513 2.70613e-47
1.13616 2.70191e-47
1.1372 2.69768e-47
1.13823 2.69346e-47
1.13926 2.68924e-47
1.14029 2.68501e-47
1.14132 2.6808e-47
1.14235 2.67658e-47
1.14338 2.67236e-47
1.14441 2.66813e-47
1.14544 2.66391e-47
1.14648 2.65969e-47
1.14751 2.65548e-47
1.14854 2.65126e-47
1.14957 2.64704e-47
1.1506 2.64281e-47
1.15163 2.6386e-47
1.15266 2.63438e-47
1.15369 2.63016e-47
1.15472 2.62595e-47
1.15575 2.62173e-47
1.15679 2.61751e-47
1.15782 2.6133e-47
1.15885 2.60909e-47
1.15988 2.60488e-47
1.16091 2.60066e-47
1.16194 2.59645e-47
1.16297 2.59224e-47
1.164 2.58803e-47
1.16503 2.58382e-47
1.16606 2.57961e-47
1.1671 2.57541e-47
1.16813 2.57119e-47
1.16916 2.56699e-47
1.17019 2.56278e-47
1.17122 2.55858e-47
1.17225 2.55437e-47
1.17328 2.55017e-47
1.17431 2.54597e-47
1.17534 2.54177e-47
1.17638 2.53756e-47
1.17741 2.53336e-47
1.17844 2.52917e-47
1.17947 2.52497e-47
1.1805 2.52077e-47
1.18153 2.51658e-47
1.18256 2.51238e-47
1.18359 2.50819e-47
1.18462 2.50399e-47
1.18565 2.49981e-47
1.18669 2.49561e-47
1.18772 2.49142e-47
1.18875 2.48724e-47
1.18978 2.48305e-47
1.19081 2.47885e-47
1.19184 2.47467e-47
1.19287 2.47049e-47
1.1939 2.4663e-47
1.19493 2.46212e-47
1.19596 2.45795e-47
1.197 2.45377e-47
1.19803 2.44959e-47
1.19906 2.44541e-47
1.20009 2.44124e-47
1.20112 2.43706e-47
1.20215 2.43289e-47
1.20318 2.42871e-47
1.20421 2.42454e-47
1.20524 2.42038e-47
1.20628 2.41621e-47
1.20731 2.41204e-47
1.20834 2.40787e-47
1.20937 2.40371e-47
1.2104 2.39955e-47
1.21143 2.3954e-47
1.21246 2.39123e-47
1.21349 2.38707e-47
1.21452 2.38291e-47
1.21555 2.37876e-47
1.21659 2.37461e-47
1.21762 2.37046e-47
1.21865 2.36631e-47
1.21968 2.36216e-47
1.22071 2.35801e-47
1.22174 2.35387e-47
1.22277 2.34972e-47
1.2238 2.34558e-47
1.22483 2.34144e-47
1.22586 2.3373e-47
1.2269 2.33317e-47
1.22793 2.32903e-47
1.22896 2.3249e-47
1.22999 2.32076e-47
1.23102 2.31663e-47
1.23205 2.3125e-47
1.23308 2.30837e-47
1.23411 2.30425e-47
1.23514 2.30012e-47
1.23618 2.296e-47
1.23721 2.29188e-47
1.23824 2.28777e-47
1.23927 2.28365e-47
1.2403 2.27953e-47
1.24133 2.27542e-47
1.24236 2.27132e-47
1.24339 2.2672e-47
1.24442 2.26309e-47
1.24545 2.25899e-47
1.24649 2.25489e-47
1.24752 2.25078e-47
1.24855 2.24668e-47
1.24958 2.24259e-47
1.25061 2.23849e-47
1.25164 2.23441e-47
1.25267 2.23031e-47
1.2537 2.22622e-47
1.25473 2.22214e-47
1.25576 2.21805e-47
1.2568 2.21397e-47
1.25783 2.20989e-47
1.25886 2.20581e-47
1.25989 2.20173e-47
1.26092 2.19766e-47
1.26195 2.19358e-47
1.26298 2.18951e-47
1.26401 2.18545e-47
1.26504 2.18137e-47
1.26608 2.17731e-47
1.26711 2.17325e-47
1.26814 2.1692e-47
1.26917 2.16513e-47
1.2702 2.16108e-47
1.27123 2.15703e-47
1.27226 2.15297e-47
1.27329 2.14893e-47
1.27432 2.14488e-47
1.27535 2.14084e-47
1.27639 2.1368e-47
1.27742 2.13275e-47
1.27845 2.12872e-47
1.27948 2.12469e-47
1.28051 2.12066e-47
1.28154 2.11662e-47
1.28257 2.1126e-47
1.2836 2.10857e-47
1.28463 2.10455e-47
1.28566 2.10053e-47
1.2867 2.09651e-47
1.28773 2.0925e-47
1.28876 2.08848e-47
1.28979 2.08447e-47
1.29082 2.08047e-47
1.29185 2.07647e-47
1.29288 2.07246e-47
1.29391 2.06846e-47
1.29494 2.06446e-47
1.29598 2.06046e-47
1.29701 2.05647e-47
1.29804 2.05249e-47
1.29907 2.04849e-47
1.3001 2.04451e-47
1.30113 2.04053e-47
1.30216 2.03655e-47
1.30319 2.03257e-47
1.30422 2.0286e-47
1.30525 2.02463e-47
1.30629 2.02066e-47
1.30732 2.01669e-47
1.30835 2.01273e-47
1.30938 2.00877e-47
1.31041 2.00481e-47
1.31144 2.00085e-47
1.31247 1.9969e-47
1.3135 1.99295e-47
1.31453 1.98901e-47
1.31556 1.98506e-47
1.3166 1.98112e-47
1.31763 1.97718e-47
1.31866 1.97325e-47
1.31969 1.96931e-47
1.32072 1.96538e-47
1.32175 1.96145e-47
1.32278 1.95753e-47
1.32381 1.95361e-47
1.32484 1.94969e-47
1.32588 1.94577e-47
1.32691 1.94186e-47
1.32794 1.93795e-47
1.32897 1.93404e-47
1.33 1.93014e-47
1.33103 1.92624e-47
1.33206 1.92234e-47
1.33309 1.91844e-47
1.33412 1.91455e-47
1.33515 1.91066e-47
1.33619 1.90678e-47
1.33722 1.90289e-47
1.33825 1.89901e-47
1.33928 1.89513e-47
1.34031 1.89126e-47
1.34134 1.88739e-47
1.34237 1.88352e-47
1.3434 1.87965e-47
1.34443 1.87579e-47
1.34546 1.87193e-47
1.3465 1.86808e-47
1.34753 1.86423e-47
1.34856 1.86038e-47
1.34959 1.85653e-47
1.35062 1.85269e-47
1.35165 1.84885e-47
1.35268 1.84501e-47
1.35371 1.84117e-47
1.35474 1.83734e-47
1.35578 1.83352e-47
1.35681 1.82969e-47
1.35784 1.82587e-47
1.35887 1.82205e-47
1.3599 1.81824e-47
1.36093 1.81443e-47
1.36196 1.81062e-47
1.36299 1.80681e-47
1.36402 1.80301e-47
1.36505 1.79921e-47
1.36609 1.79542e-47
1.36712 1.79163e-47
1.36815 1.78784e-47
1.36918 1.78405e-47
1.37021 1.78027e-47
1.37124 1.77649e-47
1.37227 1.77272e-47
1.3733 1.76895e-47
1.37433 1.76518e-47
1.37536 1.76141e-47
1.3764 1.75765e-47
1.37743 1.75389e-47
1.37846 1.75014e-47
1.37949 1.74639e-47
1.38052 1.74264e-47
1.38155 1.73889e-47
1.38258 1.73515e-47
1.38361 1.73141e-47
1.38464 1.72768e-47
1.38568 1.72395e-47
1.38671 1.72022e-47
1.38774 1.7165e-47
1.38877 1.71278e-47
1.3898 1.70906e-47
1.39083 1.70535e-47
1.39186 1.70164e-47
1.39289 1.69793e-47
1.39392 1.69423e-47
1.39495 1.69053e-47
1.39599 1.68684e-47
1.39702 1.68314e-47
1.39805 1.67945e-47
1.39908 1.67577e-47
1.40011 1.67209e-47
1.40114 1.66841e-47
1.40217 1.66474e-47
1.4032 1.66107e-47
1.40423 1.6574e-47
1.40526 1.65374e-47
1.4063 1.65008e-47
1.40733 1.64642e-47
1.40836 1.64277e-47
1.40939 1.63912e-47
1.41042 1.63547e-47
1.41145 1.63183e-47
1.41248 1.6282e-47
1.41351 1.62456e-47
1.41454 1.62093e-47
1.41558 1.6173e-47
1.41661 1.61368e-47
1.41764 1.61006e-47
1.41867 1.60645e-47
1.4197 1.60284e-47
1.42073 1.59923e-47
1.42176 1.59562e-47
1.42279 1.59202e-47
1.42382 1.58843e-47
1.42485 1.58483e-47
1.42589 1.58124e-47
1.42692 1.57766e-47
1.42795 1.57408e-47
1.42898 1.5705e-47
1.43001 1.56693e-47
1.43104 1.56336e-47
1.43207 1.55979e-47
1.4331 1.55623e-47
1.43413 1.55267e-47
1.43516 1.54912e-47
1.4362 1.54557e-47
1.43723 1.54202e-47
1.43826 1.53848e-47
1.43929 1.53494e-47
1.44032 1.5314e-47
1.44135 1.52787e-47
1.44238 1.52434e-47
1.44341 1.52082e-47
1.44444 1.5173e-47
1.44548 1.51379e-47
1.44651 1.51027e-47
1.44754 1.50677e-47
1.44857 1.50326e-47
1.4496 1.49976e-47
1.45063 1.49627e-47
1.45166 1.49278e-47
1.45269 1.48929e-47
1.45372 1.4858e-47
1.45475 1.48233e-47
1.45579 1.47885e-47
1.45682 1.47538e-47
1.45785 1.47191e-47
1.45888 1.46845e-47
1.45991 1.46498e-47
1.46094 1.46153e-47
1.46197 1.45808e-47
1.463 1.45463e-47
1.46403 1.45119e-47
1.46506 1.44775e-47
1.4661 1.44431e-47
1.46713 1.44088e-47
1.46816 1.43745e-47
1.46919 1.43403e-47
1.47022 1.43061e-47
1.47125 1.42719e-47
1.47228 1.42378e-47
1.47331 1.42037e-47
1.47434 1.41697e-47
1.47538 1.41357e-47
1.47641 1.41018e-47
1.47744 1.40679e-47
1.47847 1.4034e-47
1.4795 1.40002e-47
1.48053 1.39664e-47
1.48156 1.39327e-47
1.48259 1.3899e-47
1.48362 1.38653e-47
1.48465 1.38317e-47
1.48569 1.37981e-47
1.48672 1.37646e-47
1.48775 1.37311e-47
1.48878 1.36977e-47
1.48981 1.36643e-47
1.49084 1.36309e-47
1.49187 1.35976e-47
1.4929 1.35643e-47
1.49393 1.35311e-47
1.49496 1.34979e-47
1.496 1.34647e-47
1.49703 1.34316e-47
1.49806 1.33985e-47
1.49909 1.33655e-47
1.50012 1.33325e-47
1.50115 1.32996e-47
1.50218 1.32667e-47
1.50321 1.32338e-47
1.50424 1.3201e-47
1.50528 1.31683e-47
1.50631 1.31355e-47
1.50734 1.31028e-47
1.50837 1.30702e-47
1.5094 1.30376e-47
1.51043 1.3005e-47
1.51146 1.29725e-47
1.51249 1.29401e-47
1.51352 1.29076e-47
1.51455 1.28752e-47
1.51559 1.28429e-47
1.51662 1.28106e-47
1.51765 1.27783e-47
1.51868 1.27461e-47
1.51971 1.2714e-47
1.52074 1.26819e-47
1.52177 1.26498e-47
1.5228 1.26177e-47
1.52383 1.25857e-47
1.52486 1.25538e-47
1.5259 1.25219e-47
1.52693 1.249e-47
1.52796 1.24582e-47
1.52899 1.24264e-47
1.53002 1.23947e-47
1.53105 1.2363e-47
1.53208 1.23314e-47
1.53311 1.22997e-47
1.53414 1.22682e-47
1.53518 1.22367e-47
1.53621 1.22052e-47
1.53724 1.21738e-47
1.53827 1.21424e-47
1.5393 1.21111e-47
1.54033 1.20798e-47
1.54136 1.20485e-47
1.54239 1.20173e-47
1.54342 1.19862e-47
1.54445 1.19551e-47
1.54549 1.1924e-47
1.54652 1.1893e-47
1.54755 1.1862e-47
1.54858 1.18311e-47
1.54961 1.18002e-47
1.55064 1.17693e-47
1.55167 1.17385e-47
1.5527 1.17078e-47
1.55373 1.16771e-47
1.55476 1.16464e-47
1.5558 1.16157e-47
1.55683 1.15852e-47
1.55786 1.15546e-47
1.55889 1.15241e-47
1.55992 1.14937e-47
1.56095 1.14633e-47
1.56198 1.1433e-47
1.56301 1.14026e-47
1.56404 1.13724e-47
1.56508 1.13422e-47
1.56611 1.1312e-47
1.56714 1.12819e-47
1.56817 1.12518e-47
1.5692 1.12217e-47
1.57023 1.11918e-47
1.57126 1.11618e-47
1.57229 1.11319e-47
1.57332 1.1102e-47
1.57435 1.10722e-47
1.57539 1.10425e-47
1.57642 1.10127e-47
1.57745 1.09831e-47
1.57848 1.09534e-47
1.57951 1.09238e-47
1.58054 1.08943e-47
1.58157 1.08648e-47
1.5826 1.08354e-47
1.58363 1.0806e-47
1.58466 1.07766e-47
1.5857 1.07473e-47
1.58673 1.0718e-47
1.58776 1.06888e-47
1.58879 1.06596e-47
1.58982 1.06305e-47
1.59085 1.06014e-47
1.59188 1.05724e-47
1.59291 1.05434e-47
1.59394 1.05144e-47
1.59498 1.04855e-47
1.59601 1.04567e-47
1.59704 1.04279e-47
1.59807 1.03991e-47
1.5991 1.03704e-47
1.60013 1.03417e-47
1.60116 1.03131e-47
1.60219 1.02845e-47
1.60322 1.0256e-47
1.60425 1.02275e-47
1.60529 1.01991e-47
1.60632 1.01706e-47
1.60735 1.01423e-47
1.60838 1.0114e-47
1.60941 1.00857e-47
1.61044 1.00575e-47
1.61147 1.00294e-47
1.6125 1.00013e-47
1.61353 9.97317e-48
1.61456 9.94516e-48
1.6156 9.91717e-48
1.61663 9.88924e-48
1.61766 9.86135e-48
1.61869 9.83351e-48
1.61972 9.80572e-48
1.62075 9.77797e-48
1.62178 9.75026e-48
1.62281 9.72261e-48
1.62384 9.695e-48
1.62488 9.66743e-48
1.62591 9.63992e-48
1.62694 9.61244e-48
1.62797 9.58503e-48
1.629 9.55764e-48
1.63003 9.53031e-48
1.63106 9.50302e-48
1.63209 9.47579e-48
1.63312 9.4486e-48
1.63415 9.42145e-48
1.63519 9.39435e-48
1.63622 9.3673e-48
1.63725 9.34029e-48
1.63828 9.31333e-48
1.63931 9.28642e-48
1.64034 9.25955e-48
1.64137 9.23273e-48
1.6424 9.20596e-48
1.64343 9.17923e-48
1.64446 9.15255e-48
1.6455 9.12591e-48
1.64653 9.09933e-48
1.64756 9.07279e-48
1.64859 9.0463e-48
1.64962 9.01985e-48
1.65065 8.99344e-48
1.65168 8.96709e-48
1.65271 8.94078e-48
1.65374 8.91452e-48
1.65478 8.88831e-48
1.65581 8.86214e-48
1.65684 8.83602e-48
1.65787 8.80994e-48
1.6589 8.78391e-48
1.65993 8.75794e-48
1.66096 8.732e-48
1.66199 8.70611e-48
1.66302 8.68027e-48
1.66405 8.65448e-48
1.66509 8.62873e-48
1.66612 8.60302e-48
1.66715 8.57737e-48
1.66818 8.55176e-48
1.66921 8.5262e-48
1.67024 8.50069e-48
1.67127 8.47522e-48
1.6723 8.4498e-48
1.67333 8.42442e-48
1.67436 8.39909e-48
1.6754 8.37382e-48
1.67643 8.34858e-48
1.67746 8.32339e-48
1.67849 8.29825e-48
1.67952 8.27315e-48
1.68055 8.2481e-48
1.68158 8.22311e-48
1.68261 8.19816e-48
1.68364 8.17325e-48
1.68468 8.14839e-48
1.68571 8.12357e-48
1.68674 8.09881e-48
1.68777 8.07408e-48
1.6888 8.04941e-48
1.68983 8.02478e-48
1.69086 8.0002e-48
1.69189 7.97567e-48
1.69292 7.95118e-48
1.69395 7.92674e-48
1.69499 7.90235e-48
1.69602 7.878e-48
1.69705 7.85369e-48
1.69808 7.82944e-48
1.69911 7.80523e-48
1.70014 7.78107e-48
1.70117 7.75696e-48
1.7022 7.73289e-48
1.70323 7.70887e-48
1.70426 7.6849e-48
1.7053 7.66097e-48
1.70633 7.63709e-48
1.70736 7.61325e-48
1.70839 7.58947e-48
1.70942 7.56572e-48
1.71045 7.54202e-48
1.71148 7.51837e-48
1.71251 7.49478e-48
1.71354 7.47122e-48
1.71458 7.44771e-48
1.71561 7.42425e-48
1.71664 7.40083e-48
1.71767 7.37747e-48
1.7187 7.35414e-48
1.71973 7.33086e-48
1.72076 7.30763e-48
1.72179 7.28445e-48
1.72282 7.26131e-48
1.72385 7.23823e-48
1.72489 7.21518e-48
1.72592 7.19218e-48
1.72695 7.16923e-48
1.72798 7.14632e-48
1.72901 7.12346e-48
1.73004 7.10065e-48
1.73107 7.07789e-48
1.7321 7.05516e-48
1.73313 7.03249e-48
1.73416 7.00987e-48
1.7352 6.98728e-48
1.73623 6.96475e-48
1.73726 6.94227e-48
1.73829 6.91982e-48
1.73932 6.89742e-48
1.74035 6.87508e-48
1.74138 6.85277e-48
1.74241 6.83052e-48
1.74344 6.8083e-48
1.74448 6.78614e-48
1.74551 6.76403e-48
1.74654 6.74195e-48
1.74757 6.71992e-48
1.7486 6.69795e-48
1.74963 6.67601e-48
1.75066 6.65412e-48
1.75169 6.63228e-48
1.75272 6.61049e-48
1.75375 6.58874e-48
1.75479 6.56704e-48
1.75582 6.54537e-48
1.75685 6.52377e-48
1.75788 6.5022e-48
1.75891 6.48068e-48
1.75994 6.4592e-48
1.76097 6.43777e-48
1.762 6.41639e-48
1.76303 6.39506e-48
1.76406 6.37376e-48
1.7651 6.35251e-48
1.76613 6.33132e-48
1.76716 6.31016e-48
1.76819 6.28906e-48
1.76922 6.26799e-48
1.77025 6.24697e-48
1.77128 6.22601e-48
1.77231 6.20508e-48
1.77334 6.1842e-48
1.77438 6.16337e-48
1.77541 6.14258e-48
1.77644 6.12184e-48
1.77747 6.10114e-48
1.7785 6.08049e-48
1.77953 6.05989e-48
1.78056 6.03933e-48
1.78159 6.01881e-48
1.78262 5.99834e-48
1.78365 5.97791e-48
1.78469 5.95753e-48
1.78572 5.9372e-48
1.78675 5.91692e-48
1.78778 5.89668e-48
1.78881 5.87647e-48
1.78984 5.85632e-48
1.79087 5.83621e-48
1.7919 5.81615e-48
1.79293 5.79614e-48
1.79396 5.77616e-48
1.795 5.75624e-48
1.79603 5.73635e-48
1.79706 5.71652e-48
1.79809 5.69673e-48
1.79912 5.67698e-48
1.80015 5.65728e-48
1.80118 5.63762e-48
1.80221 5.61801e-48
1.80324 5.59845e-48
1.80428 5.57892e-48
1.80531 5.55944e-48
1.80634 5.54002e-48
1.80737 5.52063e-48
1.8084 5.50129e-48
1.80943 5.48199e-48
1.81046 5.46273e-48
1.81149 5.44352e-48
1.81252 5.42436e-48
1.81355 5.40524e-48
1.81459 5.38617e-48
1.81562 5.36713e-48
1.81665 5.34815e-48
1.81768 5.32921e-48
1.81871 5.31031e-48
1.81974 5.29146e-48
1.82077 5.27266e-48
1.8218 5.25389e-48
1.82283 5.23517e-48
1.82386 5.21649e-48
1.8249 5.19787e-48
1.82593 5.17928e-48
1.82696 5.16074e-48
1.82799 5.14224e-48
1.82902 5.12378e-48
1.83005 5.10538e-48
1.83108 5.08701e-48
1.83211 5.06869e-48
1.83314 5.05041e-48
1.83418 5.03217e-48
1.83521 5.01399e-48
1.83624 4.99584e-48
1.83727 4.97774e-48
1.8383 4.95968e-48
1.83933 4.94166e-48
1.84036 4.9237e-48
1.84139 4.90577e-48
1.84242 4.88789e-48
1.84345 4.87005e-48
1.84449 4.85225e-48
1.84552 4.83449e-48
1.84655 4.81679e-48
1.84758 4.79913e-48
1.84861 4.7815e-48
1.84964 4.76393e-48
1.85067 4.74639e-48
1.8517 4.7289e-48
1.85273 4.71146e-48
1.85376 4.69404e-48
1.8548 4.67668e-48
1.85583 4.65936e-48
1.85686 4.64209e-48
1.85789 4.62486e-48
1.85892 4.60767e-48
1.85995 4.59053e-48
1.86098 4.57343e-48
1.86201 4.55637e-48
1.86304 4.53935e-48
1.86408 4.52237e-48
1.86511 4.50544e-48
1.86614 4.48855e-48
1.86717 4.4717e-48
1.8682 4.4549e-48
1.86923 4.43814e-48
1.87026 4.42142e-48
1.87129 4.40476e-48
1.87232 4.38812e-48
1.87335 4.37153e-48
1.87439 4.35498e-48
1.87542 4.33848e-48
1.87645 4.32202e-48
1.87748 4.3056e-48
1.87851 4.28922e-48
1.87954 4.27288e-48
1.88057 4.25659e-48
1.8816 4.24034e-48
1.88263 4.22413e-48
1.88366 4.20797e-48
1.8847 4.19184e-48
1.88573 4.17576e-48
1.88676 4.15972e-48
1.88779 4.14373e-48
1.88882 4.12777e-48
1.88985 4.11185e-48
1.89088 4.09598e-48
1.89191 4.08015e-48
1.89294 4.06437e-48
1.89398 4.04861e-48
1.89501 4.03291e-48
1.89604 4.01725e-48
1.89707 4.00163e-48
1.8981 3.98605e-48
1.89913 3.97051e-48
1.90016 3.95501e-48
1.90119 3.93955e-48
1.90222 3.92413e-48
1.90325 3.90877e-48
1.90429 3.89343e-48
1.90532 3.87813e-48
1.90635 3.86289e-48
1.90738 3.84767e-48
1.90841 3.83251e-48
1.90944 3.81739e-48
1.91047 3.8023e-48
1.9115 3.78725e-48
1.91253 3.77225e-48
1.91356 3.75729e-48
1.9146 3.74237e-48
1.91563 3.72749e-48
1.91666 3.71265e-48
1.91769 3.69785e-48
1.91872 3.68309e-48
1.91975 3.66837e-48
1.92078 3.65369e-48
1.92181 3.63905e-48
1.92284 3.62446e-48
1.92388 3.6099e-48
1.92491 3.59538e-48
1.92594 3.5809e-48
1.92697 3.56648e-48
1.928 3.55208e-48
1.92903 3.53772e-48
1.93006 3.5234e-48
1.93109 3.50913e-48
1.93212 3.4949e-48
1.93315 3.4807e-48
1.93419 3.46655e-48
1.93522 3.45243e-48
1.93625 3.43835e-48
1.93728 3.42432e-48
1.93831 3.41033e-48
1.93934 3.39637e-48
1.94037 3.38245e-48
1.9414 3.36857e-48
1.94243 3.35473e-48
1.94346 3.34094e-48
1.9445 3.32718e-48
1.94553 3.31346e-48
1.94656 3.29978e-48
1.94759 3.28614e-48
1.94862 3.27254e-48
1.94965 3.25898e-48
1.95068 3.24545e-48
1.95171 3.23197e-48
1.95274 3.21852e-48
1.95378 3.20511e-48
1.95481 3.19175e-48
1.95584 3.17841e-48
1.95687 3.16513e-48
1.9579 3.15188e-48
1.95893 3.13867e-48
1.95996 3.12549e-48
1.96099 3.11236e-48
1.96202 3.09926e-48
1.96305 3.0862e-48
1.96409 3.07318e-48
1.96512 3.0602e-48
1.96615 3.04726e-48
1.96718 3.03436e-48
1.96821 3.02149e-48
1.96924 3.00867e-48
1.97027 2.99587e-48
1.9713 2.98312e-48
1.97233 2.97041e-48
1.97336 2.95774e-48
1.9744 2.9451e-48
1.97543 2.9325e-48
1.97646 2.91994e-48
1.97749 2.90741e-48
1.97852 2.89493e-48
1.97955 2.88247e-48
1.98058 2.87007e-48
1.98161 2.85769e-48
1.98264 2.84535e-48
1.98368 2.83306e-48
1.98471 2.8208e-48
1.98574 2.80856e-48
1.98677 2.79638e-48
1.9878 2.78423e-48
1.98883 2.77212e-48
1.98986 2.76005e-48
1.99089 2.74801e-48
1.99192 2.73601e-48
1.99295 2.72404e-48
1.99399 2.71212e-48
1.99502 2.70022e-48
1.99605 2.68837e-48
1.99708 2.67655e-48
1.99811 2.66477e-48
1.99914 2.65303e-48
2.00017 2.64132e-48
2.0012 2.62965e-48
2.00223 2.61802e-48
2.00326 2.60642e-48
2.0043 2.59486e-48
2.00533 2.58333e-48
2.00636 2.57184e-48
2.00739 2.56039e-48
2.00842 2.54897e-48
2.00945 2.53759e-48
2.01048 2.52625e-48
2.01151 2.51494e-48
2.01254 2.50366e-48
2.01358 2.49243e-48
2.01461 2.48123e-48
2.01564 2.47007e-48
2.01667 2.45893e-48
2.0177 2.44784e-48
2.01873 2.43678e-48
2.01976 2.42576e-48
2.02079 2.41476e-48
2.02182 2.40382e-48
2.02285 2.3929e-48
2.02389 2.38201e-48
2.02492 2.37117e-48
2.02595 2.36036e-48
2.02698 2.34958e-48
2.02801 2.33884e-48
2.02904 2.32813e-48
2.03007 2.31746e-48
2.0311 2.30683e-48
2.03213 2.29622e-48
2.03316 2.28566e-48
2.0342 2.27512e-48
2.03523 2.26462e-48
2.03626 2.25416e-48
2.03729 2.24373e-48
2.03832 2.23333e-48
2.03935 2.22298e-48
2.04038 2.21265e-48
2.04141 2.20236e-48
2.04244 2.1921e-48
2.04348 2.18188e-48
2.04451 2.17169e-48
2.04554 2.16153e-48
2.04657 2.15141e-48
2.0476 2.14132e-48
2.04863 2.13128e-48
2.04966 2.12125e-48
2.05069 2.11127e-48
2.05172 2.10131e-48
2.05275 2.09139e-48
2.05379 2.08151e-48
2.05482 2.07166e-48
2.05585 2.06184e-48
2.05688 2.05206e-48
2.05791 2.04231e-48
2.05894 2.03259e-48
2.05997 2.0229e-48
2.061 2.01324e-48
2.06203 2.00363e-48
2.06306 1.99404e-48
2.0641 1.98449e-48
2.06513 1.97497e-48
2.06616 1.96548e-48
2.06719 1.95603e-48
2.06822 1.94661e-48
2.06925 1.93722e-48
2.07028 1.92786e-48
2.07131 1.91854e-48
2.07234 1.90925e-48
2.07338 1.89999e-48
2.07441 1.89076e-48
2.07544 1.88156e-48
2.07647 1.8724e-48
2.0775 1.86327e-48
2.07853 1.85417e-48
2.07956 1.84511e-48
2.08059 1.83607e-48
2.08162 1.82707e-48
2.08265 1.8181e-48
2.08369 1.80916e-48
2.08472 1.80026e-48
2.08575 1.79138e-48
2.08678 1.78254e-48
2.08781 1.77372e-48
2.08884 1.76494e-48
2.08987 1.75619e-48
2.0909 1.74748e-48
2.09193 1.73879e-48
2.09296 1.73013e-48
2.094 1.72151e-48
2.09503 1.71292e-48
2.09606 1.70436e-48
2.09709 1.69582e-48
2.09812 1.68732e-48
2.09915 1.67885e-48
2.10018 1.67042e-48
2.10121 1.66201e-48
2.10224 1.65363e-48
2.10328 1.64528e-48
2.10431 1.63697e-48
2.10534 1.62868e-48
2.10637 1.62043e-48
2.1074 1.6122e-48
2.10843 1.60401e-48
2.10946 1.59584e-48
2.11049 1.58771e-48
2.11152 1.57961e-48
2.11255 1.57153e-48
2.11359 1.56349e-48
2.11462 1.55547e-48
2.11565 1.54749e-48
2.11668 1.53954e-48
2.11771 1.53161e-48
2.11874 1.52372e-48
2.11977 1.51585e-48
2.1208 1.50802e-48
2.12183 1.50021e-48
2.12286 1.49243e-48
2.1239 1.48469e-48
2.12493 1.47697e-48
2.12596 1.46928e-48
2.12699 1.46162e-48
2.12802 1.45399e-48
2.12905 1.44639e-48
2.13008 1.43881e-48
2.13111 1.43127e-48
2.13214 1.42375e-48
2.13318 1.41627e-48
2.13421 1.40881e-48
2.13524 1.40138e-48
2.13627 1.39398e-48
2.1373 1.38661e-48
2.13833 1.37927e-48
2.13936 1.37195e-48
2.14039 1.36467e-48
2.14142 1.35741e-48
2.14245 1.35018e-48
2.14349 1.34298e-48
2.14452 1.3358e-48
2.14555 1.32866e-48
2.14658 1.32154e-48
2.14761 1.31445e-48
2.14864 1.30739e-48
2.14967 1.30035e-48
2.1507 1.29335e-48
2.15173 1.28637e-48
2.15276 1.27942e-48
2.1538 1.2725e-48
2.15483 1.2656e-48
2.15586 1.25873e-48
2.15689 1.25189e-48
2.15792 1.24508e-48
2.15895 1.23829e-48
2.15998 1.23153e-48
2.16101 1.2248e-48
2.16204 1.21809e-48
2.16308 1.21141e-48
2.16411 1.20476e-48
2.16514 1.19814e-48
2.16617 1.19154e-48
2.1672 1.18496e-48
2.16823 1.17842e-48
2.16926 1.1719e-48
2.17029 1.16541e-48
2.17132 1.15894e-48
2.17235 1.15251e-48
2.17339 1.14609e-48
2.17442 1.13971e-48
2.17545 1.13335e-48
2.17648 1.12701e-48
2.17751 1.1207e-48
2.17854 1.11442e-48
2.17957 1.10817e-48
2.1806 1.10193e-48
2.18163 1.09573e-48
2.18266 1.08955e-48
2.1837 1.0834e-48
2.18473 1.07727e-48
2.18576 1.07117e-48
2.18679 1.06509e-48
2.18782 1.05904e-48
2.18885 1.05302e-48
2.18988 1.04702e-48
2.19091 1.04104e-48
2.19194 1.03509e-48
2.19298 1.02917e-48
2.19401 1.02327e-48
2.19504 1.01739e-48
2.19607 1.01154e-48
2.1971 1.00572e-48
2.19813 9.99919e-49
2.19916 9.94143e-49
2.20019 9.88392e-49
2.20122 9.82666e-49
2.20225 9.76964e-49
2.20329 9.71287e-49
2.20432 9.65634e-49
2.20535 9.60006e-49
2.20638 9.54401e-49
2.20741 9.48822e-49
2.20844 9.43266e-49
2.20947 9.37734e-49
2.2105 9.32228e-49
2.21153 9.26744e-49
2.21256 9.21284e-49
2.2136 9.15848e-49
2.21463 9.10435e-49
2.21566 9.05047e-49
2.21669 8.99683e-49
2.21772 8.94342e-49
2.21875 8.89024e-49
2.21978 8.8373e-49
2.22081 8.78459e-49
2.22184 8.73211e-49
2.22288 8.67987e-49
2.22391 8.62787e-49
2.22494 8.57609e-49
2.22597 8.52454e-49
2.227 8.47322e-49
2.22803 8.42214e-49
2.22906 8.37127e-49
2.23009 8.32065e-49
2.23112 8.27025e-49
2.23215 8.22007e-49
2.23319 8.17012e-49
2.23422 8.1204e-49
2.23525 8.0709e-49
2.23628 8.02162e-49
2.23731 7.97257e-49
2.23834 7.92375e-49
2.23937 7.87515e-49
2.2404 7.82676e-49
2.24143 7.7786e-49
2.24246 7.73066e-49
2.2435 7.68294e-49
2.24453 7.63544e-49
2.24556 7.58817e-49
2.24659 7.54111e-49
2.24762 7.49425e-49
2.24865 7.44763e-49
2.24968 7.40122e-49
2.25071 7.35502e-49
2.25174 7.30904e-49
2.25278 7.26328e-49
2.25381 7.21772e-49
2.25484 7.17239e-49
2.25587 7.12725e-49
2.2569 7.08234e-49
2.25793 7.03764e-49
2.25896 6.99314e-49
2.25999 6.94886e-49
2.26102 6.9048e-49
2.26205 6.86093e-49
2.26309 6.81727e-49
2.26412 6.77383e-49
2.26515 6.73059e-49
2.26618 6.68755e-49
2.26721 6.64473e-49
2.26824 6.6021e-49
2.26927 6.55968e-49
2.2703 6.51747e-49
2.27133 6.47546e-49
2.27236 6.43365e-49
2.2734 6.39205e-49
2.27443 6.35065e-49
2.27546 6.30943e-49
2.27649 6.26843e-49
2.27752 6.22763e-49
2.27855 6.18703e-49
2.27958 6.14662e-49
2.28061 6.10642e-49
2.28164 6.0664e-49
2.28268 6.02658e-49
2.28371 5.98697e-49
2.28474 5.94755e-49
2.28577 5.90831e-49
2.2868 5.86929e-49
2.28783 5.83045e-49
2.28886 5.79179e-49
2.28989 5.75334e-49
2.29092 5.71508e-49
2.29195 5.677e-49
2.29299 5.63912e-49
2.29402 5.60143e-49
2.29505 5.56392e-49
2.29608 5.52662e-49
2.29711 5.48948e-49
2.29814 5.45255e-49
2.29917 5.4158e-49
2.3002 5.37923e-49
2.30123 5.34285e-49
2.30226 5.30666e-49
2.3033 5.27065e-49
2.30433 5.23483e-49
2.30536 5.19918e-49
2.30639 5.16373e-49
2.30742 5.12845e-49
2.30845 5.09335e-49
2.30948 5.05843e-49
2.31051 5.02369e-49
2.31154 4.98914e-49
2.31258 4.95477e-49
2.31361 4.92057e-49
2.31464 4.88655e-49
2.31567 4.8527e-49
2.3167 4.81903e-49
2.31773 4.78555e-49
2.31876 4.75223e-49
2.31979 4.71909e-49
2.32082 4.68613e-49
2.32185 4.65333e-49
2.32289 4.62072e-49
2.32392 4.58827e-49
2.32495 4.556e-49
2.32598 4.52389e-49
2.32701 4.49197e-49
2.32804 4.4602e-49
2.32907 4.42861e-49
2.3301 4.39719e-49
2.33113 4.36593e-49
2.33216 4.33485e-49
2.3332 4.30393e-49
2.33423 4.27317e-49
2.33526 4.24259e-49
2.33629 4.21217e-49
2.33732 4.18191e-49
2.33835 4.15182e-49
2.33938 4.12189e-49
2.34041 4.09213e-49
2.34144 4.06252e-49
2.34248 4.03308e-49
2.34351 4.0038e-49
2.34454 3.97469e-49
2.34557 3.94573e-49
2.3466 3.91694e-49
2.34763 3.8883e-49
2.34866 3.85982e-49
2.34969 3.83149e-49
2.35072 3.80333e-49
2.35175 3.77533e-49
2.35279 3.74747e-49
2.35382 3.71978e-49
2.35485 3.69224e-49
2.35588 3.66486e-49
2.35691 3.63762e-49
2.35794 3.61054e-49
2.35897 3.58362e-49
2.36 3.55685e-49
2.36103 3.53023e-49
2.36206 3.50376e-49
2.3631 3.47744e-49
2.36413 3.45126e-49
2.36516 3.42525e-49
2.36619 3.39938e-49
2.36722 3.37365e-49
2.36825 3.34808e-49
2.36928 3.32265e-49
2.37031 3.29738e-49
2.37134 3.27224e-49
2.37238 3.24725e-49
2.37341 3.22241e-49
2.37444 3.19771e-49
2.37547 3.17315e-49
2.3765 3.14874e-49
2.37753 3.12448e-49
2.37856 3.10034e-49
2.37959 3.07636e-49
2.38062 3.05251e-49
2.38165 3.02881e-49
2.38269 3.00526e-49
2.38372 2.98183e-49
2.38475 2.95855e-49
2.38578 2.93539e-49
2.38681 2.91239e-49
2.38784 2.88952e-49
2.38887 2.86678e-49
2.3899 2.84419e-49
2.39093 2.82172e-49
2.39196 2.7994e-49
2.393 2.7772e-49
2.39403 2.75515e-49
2.39506 2.73322e-49
2.39609 2.71142e-49
2.39712 2.68977e-49
2.39815 2.66825e-49
2.39918 2.64685e-49
2.40021 2.62558e-49
2.40124 2.60445e-49
2.40228 2.58345e-49
2.40331 2.56256e-49
2.40434 2.54182e-49
2.40537 2.5212e-49
2.4064 2.50071e-49
2.40743 2.48034e-49
2.40846 2.46011e-49
2.40949 2.43999e-49
2.41052 2.42001e-49
2.41155 2.40015e-49
2.41259 2.38041e-49
2.41362 2.3608e-49
2.41465 2.34132e-49
2.41568 2.32195e-49
2.41671 2.3027e-49
2.41774 2.28358e-49
2.41877 2.26459e-49
2.4198 2.2457e-49
2.42083 2.22695e-49
2.42186 2.20831e-49
2.4229 2.18979e-49
2.42393 2.17139e-49
2.42496 2.15311e-49
2.42599 2.13494e-49
2.42702 2.11689e-49
2.42805 2.09896e-49
2.42908 2.08115e-49
2.43011 2.06345e-49
2.43114 2.04587e-49
2.43218 2.0284e-49
2.43321 2.01105e-49
2.43424 1.99381e-49
2.43527 1.97668e-49
2.4363 1.95967e-49
2.43733 1.94276e-49
2.43836 1.92597e-49
2.43939 1.90929e-49
2.44042 1.89273e-49
2.44145 1.87627e-49
2.44249 1.85992e-49
2.44352 1.84368e-49
2.44455 1.82755e-49
2.44558 1.81153e-49
2.44661 1.79561e-49
2.44764 1.77981e-49
2.44867 1.76411e-49
2.4497 1.74851e-49
2.45073 1.73302e-49
2.45176 1.71764e-49
2.4528 1.70236e-49
2.45383 1.68719e-49
2.45486 1.67212e-49
2.45589 1.65716e-49
2.45692 1.64229e-49
2.45795 1.62753e-49
2.45898 1.61287e-49
2.46001 1.59831e-49
2.46104 1.58386e-49
2.46208 1.5695e-49
2.46311 1.55525e-49
2.46414 1.54109e-49
2.46517 1.52703e-49
2.4662 1.51307e-49
2.46723 1.49921e-49
2.46826 1.48545e-49
2.46929 1.47178e-49
2.47032 1.45821e-49
2.47135 1.44474e-49
2.47239 1.43137e-49
2.47342 1.41808e-49
2.47445 1.4049e-49
2.47548 1.3918e-49
2.47651 1.37881e-49
2.47754 1.3659e-49
2.47857 1.35309e-49
2.4796 1.34037e-49
2.48063 1.32774e-49
2.48166 1.31521e-49
2.4827 1.30276e-49
2.48373 1.29041e-49
2.48476 1.27815e-49
2.48579 1.26597e-49
2.48682 1.25389e-49
2.48785 1.24189e-49
2.48888 1.22999e-49
2.48991 1.21817e-49
2.49094 1.20644e-49
2.49198 1.19479e-49
2.49301 1.18324e-49
2.49404 1.17177e-49
2.49507 1.16038e-49
2.4961 1.14908e-49
2.49713 1.13787e-49
2.49816 1.12674e-49
2.49919 1.11569e-49
2.50022 1.10473e-49
2.50125 1.09385e-49
2.50229 1.08305e-49
2.50332 1.07234e-49
2.50435 1.0617e-49
2.50538 1.05115e-49
2.50641 1.04068e-49
2.50744 1.03029e-49
2.50847 1.01998e-49
2.5095 1.00975e-49
2.51053 9.99602e-50
2.51156 9.89531e-50
2.5126 9.79539e-50
2.51363 9.69623e-50
2.51466 9.59786e-50
2.51569 9.50026e-50
2.51672 9.40342e-50
2.51775 9.30735e-50
2.51878 9.21204e-50
2.51981 9.11748e-50
2.52084 9.02368e-50
2.52188 8.93062e-50
2.52291 8.83831e-50
2.52394 8.74673e-50
2.52497 8.65589e-50
2.526 8.56578e-50
2.52703 8.47639e-50
2.52806 8.38773e-50
2.52909 8.29979e-50
2.53012 8.21256e-50
2.53115 8.12604e-50
2.53219 8.04023e-50
2.53322 7.95512e-50
2.53425 7.8707e-50
2.53528 7.78698e-50
2.53631 7.70395e-50
2.53734 7.62161e-50
2.53837 7.53995e-50
2.5394 7.45897e-50
2.54043 7.37867e-50
2.54146 7.29903e-50
2.5425 7.22006e-50
2.54353 7.14176e-50
2.54456 7.06411e-50
2.54559 6.98711e-50
2.54662 6.91078e-50
2.54765 6.83508e-50
2.54868 6.76003e-50
2.54971 6.68562e-50
2.55074 6.61184e-50
2.55178 6.5387e-50
2.55281 6.46618e-50
2.55384 6.39429e-50
2.55487 6.32303e-50
2.5559 6.25237e-50
2.55693 6.18234e-50
2.55796 6.1129e-50
2.55899 6.04408e-50
2.56002 5.97586e-50
2.56105 5.90824e-50
2.56209 5.84121e-50
2.56312 5.77478e-50
2.56415 5.70892e-50
2.56518 5.64365e-50
2.56621 5.57897e-50
2.56724 5.51486e-50
2.56827 5.45133e-50
2.5693 5.38836e-50
2.57033 5.32596e-50
2.57136 5.26412e-50
2.5724 5.20284e-50
2.57343 5.14212e-50
2.57446 5.08194e-50
2.57549 5.02231e-50
2.57652 4.96324e-50
2.57755 4.9047e-50
2.57858 4.8467e-50
2.57961 4.78923e-50
2.58064 4.73229e-50
2.58168 4.67588e-50
2.58271 4.61999e-50
2.58374 4.56463e-50
2.58477 4.50978e-50
2.5858 4.45544e-50
2.58683 4.40162e-50
2.58786 4.3483e-50
2.58889 4.29548e-50
2.58992 4.24317e-50
2.59095 4.19135e-50
2.59199 4.14003e-50
2.59302 4.08919e-50
2.59405 4.03885e-50
2.59508 3.98898e-50
2.59611 3.93959e-50
2.59714 3.89069e-50
2.59817 3.84225e-50
2.5992 3.79428e-50
2.60023 3.74679e-50
2.60126 3.69976e-50
2.6023 3.65319e-50
2.60333 3.60707e-50
2.60436 3.56141e-50
2.60539 3.51621e-50
2.60642 3.47144e-50
2.60745 3.42712e-50
2.60848 3.38326e-50
2.60951 3.33982e-50
2.61054 3.29682e-50
2.61158 3.25425e-50
2.61261 3.21211e-50
2.61364 3.1704e-50
2.61467 3.12911e-50
2.6157 3.08824e-50
2.61673 3.0478e-50
2.61776 3.00776e-50
2.61879 2.96814e-50
2.61982 2.92892e-50
2.62085 2.89011e-50
2.62189 2.85169e-50
2.62292 2.81368e-50
2.62395 2.77606e-50
2.62498 2.73884e-50
2.62601 2.70202e-50
2.62704 2.66558e-50
2.62807 2.62952e-50
2.6291 2.59384e-50
2.63013 2.55854e-50
2.63116 2.52361e-50
2.6322 2.48907e-50
2.63323 2.45489e-50
2.63426 2.42107e-50
2.63529 2.38763e-50
2.63632 2.35454e-50
2.63735 2.32182e-50
2.63838 2.28945e-50
2.63941 2.25743e-50
2.64044 2.22577e-50
2.64148 2.19444e-50
2.64251 2.16348e-50
2.64354 2.13285e-50
2.64457 2.10256e-50
2.6456 2.0726e-50
2.64663 2.04298e-50
2.64766 2.0137e-50
2.64869 1.98474e-50
2.64972 1.95611e-50
2.65075 1.9278e-50
2.65179 1.89982e-50
2.65282 1.87215e-50
2.65385 1.8448e-50
2.65488 1.81776e-50
2.65591 1.79103e-50
2.65694 1.76461e-50
2.65797 1.7385e-50
2.659 1.71269e-50
2.66003 1.68718e-50
2.66106 1.66197e-50
2.6621 1.63706e-50
2.66313 1.61243e-50
2.66416 1.5881e-50
2.66519 1.56406e-50
2.66622 1.5403e-50
2.66725 1.51683e-50
2.66828 1.49364e-50
2.66931 1.47072e-50
2.67034 1.44808e-50
2.67138 1.42572e-50
2.67241 1.40363e-50
2.67344 1.3818e-50
2.67447 1.36025e-50
2.6755 1.33895e-50
2.67653 1.31792e-50
2.67756 1.29715e-50
2.67859 1.27664e-50
2.67962 1.25638e-50
2.68065 1.23637e-50
2.68169 1.21662e-50
2.68272 1.19711e-50
2.68375 1.17785e-50
2.68478 1.15883e-50
2.68581 1.14006e-50
2.68684 1.12152e-50
2.68787 1.10322e-50
2.6889 1.08515e-50
2.68993 1.06732e-50
2.69096 1.04972e-50
2.692 1.03235e-50
2.69303 1.0152e-50
2.69406 9.98282e-51
2.69509 9.81582e-51
2.69612 9.65102e-51
2.69715 9.4884e-51
2.69818 9.32794e-51
2.69921 9.16961e-51
2.70024 9.01341e-51
2.70128 8.85929e-51
2.70231 8.70726e-51
2.70334 8.55728e-51
2.70437 8.40933e-51
2.7054 8.26341e-51
2.70643 8.11947e-51
2.70746 7.97752e-51
2.70849 7.83751e-51
2.70952 7.69945e-51
2.71055 7.56331e-51
2.71159 7.42907e-51
2.71262 7.29669e-51
2.71365 7.16619e-51
2.71468 7.03752e-51
2.71571 6.91068e-51
2.71674 6.78564e-51
2.71777 6.66238e-51
2.7188 6.5409e-51
2.71983 6.42115e-51
2.72086 6.30315e-51
2.7219 6.18685e-51
2.72293 6.07224e-51
2.72396 5.95931e-51
2.72499 5.84805e-51
2.72602 5.73842e-51
2.72705 5.63041e-51
2.72808 5.52401e-51
2.72911 5.41919e-51
2.73014 5.31595e-51
2.73118 5.21426e-51
2.73221 5.11411e-51
2.73324 5.01548e-51
2.73427 4.91835e-51
2.7353 4.8227e-51
2.73633 4.72853e-51
2.73736 4.63582e-51
2.73839 4.54453e-51
2.73942 4.45467e-51
2.74045 4.36622e-51
2.74149 4.27915e-51
2.74252 4.19345e-51
2.74355 4.10912e-51
2.74458 4.02612e-51
2.74561 3.94446e-51
2.74664 3.86409e-51
2.74767 3.78503e-51
2.7487 3.70725e-51
2.74973 3.63073e-51
2.75076 3.55546e-51
2.7518 3.48143e-51
2.75283 3.40861e-51
2.75386 3.337e-51
2.75489 3.26659e-51
2.75592 3.19735e-51
2.75695 3.12927e-51
2.75798 3.06234e-51
2.75901 2.99654e-51
2.76004 2.93186e-51
2.76108 2.86829e-51
2.76211 2.80582e-51
2.76314 2.74441e-51
2.76417 2.68408e-51
2.7652 2.6248e-51
2.76623 2.56655e-51
2.76726 2.50933e-51
2.76829 2.45311e-51
2.76932 2.3979e-51
2.77035 2.34367e-51
2.77139 2.29042e-51
2.77242 2.23812e-51
2.77345 2.18677e-51
2.77448 2.13636e-51
2.77551 2.08686e-51
2.77654 2.03828e-51
2.77757 1.99059e-51
2.7786 1.94379e-51
2.77963 1.89787e-51
2.78066 1.8528e-51
2.7817 1.80858e-51
2.78273 1.7652e-51
2.78376 1.72265e-51
2.78479 1.68091e-51
2.78582 1.63998e-51
2.78685 1.59983e-51
2.78788 1.56047e-51
2.78891 1.52187e-51
2.78994 1.48404e-51
2.79098 1.44695e-51
2.79201 1.41059e-51
2.79304 1.37497e-51
2.79407 1.34005e-51
2.7951 1.30584e-51
2.79613 1.27233e-51
2.79716 1.2395e-51
2.79819 1.20735e-51
2.79922 1.17585e-51
2.80025 1.14501e-51
2.80129 1.11481e-51
2.80232 1.08525e-51
2.80335 1.05631e-51
2.80438 1.02798e-51
2.80541 1.00026e-51
2.80644 9.73133e-52
2.80747 9.46592e-52
2.8085 9.20626e-52
2.80953 8.95226e-52
2.81056 8.70385e-52
2.8116 8.46093e-52
2.81263 8.22339e-52
2.81366 7.99117e-52
2.81469 7.76417e-52
2.81572 7.5423e-52
2.81675 7.32548e-52
2.81778 7.11364e-52
2.81881 6.90666e-52
2.81984 6.70449e-52
2.82088 6.50703e-52
2.82191 6.3142e-52
2.82294 6.12593e-52
2.82397 5.94213e-52
2.825 5.76273e-52
2.82603 5.58764e-52
2.82706 5.41679e-52
2.82809 5.25012e-52
2.82912 5.08753e-52
2.83015 4.92896e-52
2.83119 4.77432e-52
2.83222 4.62356e-52
2.83325 4.47659e-52
2.83428 4.33336e-52
2.83531 4.19378e-52
2.83634 4.05778e-52
2.83737 3.92531e-52
2.8384 3.7963e-52
2.83943 3.67065e-52
2.84046 3.54834e-52
2.8415 3.42928e-52
2.84253 3.31341e-52
2.84356 3.20066e-52
2.84459 3.09098e-52
2.84562 2.9843e-52
2.84665 2.88056e-52
2.84768 2.77971e-52
2.84871 2.68167e-52
2.84974 2.58641e-52
2.85078 2.49385e-52
2.85181 2.40393e-52
2.85284 2.3166e-52
2.85387 2.23181e-52
2.8549 2.14951e-52
2.85593 2.06963e-52
2.85696 1.99212e-52
2.85799 1.91694e-52
2.85902 1.84403e-52
2.86005 1.77333e-52
2.86109 1.70481e-52
2.86212 1.6384e-52
2.86315 1.57407e-52
2.86418 1.51176e-52
2.86521 1.45142e-52
2.86624 1.39301e-52
2.86727 1.33649e-52
2.8683 1.2818e-52
2.86933 1.2289e-52
2.87036 1.17776e-52
2.8714 1.12832e-52
2.87243 1.08054e-52
2.87346 1.03438e-52
2.87449 9.89806e-53
2.87552 9.46772e-53
2.87655 9.05236e-53
2.87758 8.65163e-53
2.87861 8.26513e-53
2.87964 7.89248e-53
2.88068 7.53331e-53
2.88171 7.18726e-53
2.88274 6.85397e-53
2.88377 6.53308e-53
2.8848 6.22426e-53
2.88583 5.92716e-53
2.88686 5.64145e-53
2.88789 5.3668e-53
2.88892 5.10289e-53
2.88995 4.84942e-53
2.89099 4.60606e-53
2.89202 4.37251e-53
2.89305 4.14849e-53
2.89408 3.93369e-53
2.89511 3.72784e-53
2.89614 3.53065e-53
2.89717 3.34186e-53
2.8982 3.16118e-53
2.89923 2.98838e-53
2.90026 2.82317e-53
2.9013 2.66531e-53
2.90233 2.51456e-53
2.90336 2.37069e-53
2.90439 2.23344e-53
2.90542 2.10259e-53
2.90645 1.97792e-53
2.90748 1.85921e-53
2.90851 1.74625e-53
2.90954 1.63882e-53
2.91058 1.53671e-53
2.91161 1.43975e-53
2.91264 1.34772e-53
2.91367 1.26043e-53
2.9147 1.17771e-53
2.91573 1.09938e-53
2.91676 1.02525e-53
2.91779 9.5516e-54
2.91882 8.88943e-54
2.91985 8.26437e-54
2.92089 7.67483e-54
2.92192 7.11932e-54
2.92295 6.59633e-54
2.92398 6.10442e-54
2.92501 5.64221e-54
2.92604 5.20835e-54
2.92707 4.8015e-54
2.9281 4.42039e-54
2.92913 4.06381e-54
2.93016 3.73053e-54
2.9312 3.41944e-54
2.93223 3.12939e-54
2.93326 2.8593e-54
2.93429 2.60813e-54
2.93532 2.37489e-54
2.93635 2.1586e-54
2.93738 1.95831e-54
2.93841 1.77314e-54
2.93944 1.60221e-54
2.94048 1.44469e-54
2.94151 1.29978e-54
2.94254 1.16672e-54
2.94357 1.04475e-54
2.9446 9.33182e-55
2.94563 8.31336e-55
2.94666 7.38562e-55
2.94769 6.54246e-55
2.94872 5.77797e-55
2.94975 5.08654e-55
2.95079 4.46281e-55
2.95182 3.90173e-55
2.95285 3.39845e-55
2.95388 2.94841e-55
2.95491 2.54729e-55
2.95594 2.191e-55
2.95697 1.87568e-55
2.958 1.59771e-55
2.95903 1.35367e-55
2.96006 1.14037e-55
2.9611 9.54812e-56
2.96213 7.94212e-56
2.96316 6.55966e-56
2.96419 5.3766e-56
2.96522 4.37061e-56
2.96625 3.52105e-56
2.96728 2.80896e-56
2.96831 2.21698e-56
2.96934 1.72925e-56
2.97038 1.33138e-56
2.97141 1.01034e-56
2.97244 7.5444e-57
2.97347 5.53237e-57
2.9745 3.97458e-57
2.97553 2.78939e-57
2.97656 1.90559e-57
2.97759 1.26167e-57
2.97862 8.05071e-58
2.97965 4.91567e-58
2.98069 2.84497e-58
2.98172 1.54077e-58
2.98275 7.66906e-59
2.98378 3.41722e-59
2.98481 1.30916e-59
2.98584 4.03576e-60
2.98687 8.8915e-61
2.9879 1.09684e-61
2.98893 3.60408e-63
2.98996 1.40877e-70
