0.00512 2.65562e-44
0.00615103 2.65867e-44
0.00718207 2.6615e-44
0.0082131 2.66438e-44
0.00924414 2.66728e-44
0.0102752 2.67005e-44
0.0113062 2.67286e-44
0.0123372 2.6757e-44
0.0133683 2.67855e-44
0.0143993 2.68142e-44
0.0154303 2.68435e-44
0.0164614 2.68734e-44
0.0174924 2.69035e-44
0.0185234 2.69344e-44
0.0195545 2.6966e-44
0.0205855 2.69978e-44
0.0216166 2.70304e-44
0.0226476 2.70638e-44
0.0236786 2.70973e-44
0.0247097 2.71317e-44
0.0257407 2.71666e-44
0.0267717 2.72018e-44
0.0278028 2.72377e-44
0.0288338 2.72741e-44
0.0298648 2.73106e-44
0.0308959 2.73479e-44
0.0319269 2.73855e-44
0.0329579 2.74232e-44
0.033989 2.74617e-44
0.03502 2.75003e-44
0.036051 2.7539e-44
0.0370821 2.75783e-44
0.0381131 2.76178e-44
0.0391441 2.76573e-44
0.0401752 2.76974e-44
0.0412062 2.77375e-44
0.0422372 2.77777e-44
0.0432683 2.78182e-44
0.0442993 2.78588e-44
0.0453303 2.78996e-44
0.0463614 2.79405e-44
0.0473924 2.79814e-44
0.0484234 2.80225e-44
0.0494545 2.80637e-44
0.0504855 2.81049e-44
0.0515166 2.81462e-44
0.0525476 2.81875e-44
0.0535786 2.82289e-44
0.0546097 2.82703e-44
0.0556407 2.83117e-44
0.0566717 2.83531e-44
0.0577028 2.83945e-44
0.0587338 2.84359e-44
0.0597648 2.84773e-44
0.0607959 2.85186e-44
0.0618269 2.85599e-44
0.0628579 2.86012e-44
0.063889 2.86423e-44
0.06492 2.86835e-44
0.065951 2.87246e-44
0.0669821 2.87655e-44
0.0680131 2.88065e-44
0.0690441 2.88474e-44
0.0700752 2.8888e-44
0.0711062 2.89287e-44
0.0721372 2.89693e-44
0.0731683 2.90097e-44
0.0741993 2.905e-44
0.0752303 2.90903e-44
0.0762614 2.91304e-44
0.0772924 2.91704e-44
0.0783234 2.92103e-44
0.0793545 2.92499e-44
0.0803855 2.92896e-44
0.0814166 2.93291e-44
0.0824476 2.93683e-44
0.0834786 2.94076e-44
0.0845097 2.94466e-44
0.0855407 2.94854e-44
0.0865717 2.95242e-44
0.0876028 2.95628e-44
0.0886338 2.96012e-44
0.0896648 2.96395e-44
0.0906959 2.96776e-44
0.0917269 2.97155e-44
0.0927579 2.97534e-44
0.093789 2.9791e-44
0.09482 2.98284e-44
0.095851 2.98658e-44
0.0968821 2.99028e-44
0.0979131 2.99397e-44
0.0989441 2.99766e-44
0.0999752 3.0013e-44
0.101006 3.00494e-44
0.102037 3.00858e-44
0.103068 3.01217e-44
0.104099 3.01575e-44
0.10513 3.01933e-44
0.106161 3.02287e-44
0.107192 3.0264e-44
0.108223 3.02992e-44
0.109254 3.0334e-44
0.110286 3.03687e-44
0.111317 3.04033e-44
0.112348 3.04376e-44
0.113379 3.04718e-44
0.11441 3.05058e-44
0.115441 3.05395e-44
0.116472 3.05731e-44
0.117503 3.06065e-44
0.118534 3.06396e-44
0.119565 3.06726e-44
0.120596 3.07054e-44
0.121627 3.07379e-44
0.122658 3.07704e-44
0.123689 3.08025e-44
0.12472 3.08344e-44
0.125751 3.08663e-44
0.126782 3.08978e-44
0.127813 3.09292e-44
0.128844 3.09604e-44
0.129875 3.09913e-44
0.130906 3.10221e-44
0.131937 3.10528e-44
0.132968 3.1083e-44
0.133999 3.11132e-44
0.13503 3.11432e-44
0.136061 3.11728e-44
0.137092 3.12024e-44
0.138123 3.12318e-44
0.139154 3.12609e-44
0.140186 3.12898e-44
0.141217 3.13186e-44
0.142248 3.1347e-44
0.143279 3.13753e-44
0.14431 3.14035e-44
0.145341 3.14313e-44
0.146372 3.1459e-44
0.147403 3.14865e-44
0.148434 3.15137e-44
0.149465 3.15409e-44
0.150496 3.15677e-44
0.151527 3.15943e-44
0.152558 3.16208e-44
0.153589 3.1647e-44
0.15462 3.1673e-44
0.155651 3.16989e-44
0.156682 3.17245e-44
0.157713 3.17499e-44
0.158744 3.17752e-44
0.159775 3.18001e-44
0.160806 3.18249e-44
0.161837 3.18496e-44
0.162868 3.18739e-44
0.163899 3.1898e-44
0.16493 3.19221e-44
0.165961 3.19457e-44
0.166992 3.19693e-44
0.168023 3.19927e-44
0.169054 3.20158e-44
0.170086 3.20387e-44
0.171117 3.20615e-44
0.172148 3.20839e-44
0.173179 3.21063e-44
0.17421 3.21284e-44
0.175241 3.21503e-44
0.176272 3.2172e-44
0.177303 3.21935e-44
0.178334 3.22147e-44
0.179365 3.22359e-44
0.180396 3.22568e-44
0.181427 3.22774e-44
0.182458 3.22979e-44
0.183489 3.23182e-44
0.18452 3.23382e-44
0.185551 3.23581e-44
0.186582 3.23777e-44
0.187613 3.23971e-44
0.188644 3.24165e-44
0.189675 3.24355e-44
0.190706 3.24543e-44
0.191737 3.2473e-44
0.192768 3.24914e-44
0.193799 3.25096e-44
0.19483 3.25277e-44
0.195861 3.25455e-44
0.196892 3.25631e-44
0.197923 3.25807e-44
0.198954 3.25978e-44
0.199986 3.26148e-44
0.201017 3.26318e-44
0.202048 3.26483e-44
0.203079 3.26647e-44
0.20411 3.2681e-44
0.205141 3.2697e-44
0.206172 3.27129e-44
0.207203 3.27286e-44
0.208234 3.27439e-44
0.209265 3.27592e-44
0.210296 3.27743e-44
0.211327 3.27891e-44
0.212358 3.28038e-44
0.213389 3.28182e-44
0.21442 3.28324e-44
0.215451 3.28465e-44
0.216482 3.28604e-44
0.217513 3.2874e-44
0.218544 3.28876e-44
0.219575 3.29008e-44
0.220606 3.29139e-44
0.221637 3.29269e-44
0.222668 3.29395e-44
0.223699 3.2952e-44
0.22473 3.29644e-44
0.225761 3.29765e-44
0.226792 3.29884e-44
0.227823 3.30002e-44
0.228854 3.30117e-44
0.229886 3.3023e-44
0.230917 3.30343e-44
0.231948 3.30452e-44
0.232979 3.3056e-44
0.23401 3.30666e-44
0.235041 3.3077e-44
0.236072 3.30872e-44
0.237103 3.30973e-44
0.238134 3.31071e-44
0.239165 3.31167e-44
0.240196 3.31262e-44
0.241227 3.31354e-44
0.242258 3.31446e-44
0.243289 3.31535e-44
0.24432 3.31622e-44
0.245351 3.31707e-44
0.246382 3.31791e-44
0.247413 3.31872e-44
0.248444 3.31952e-44
0.249475 3.3203e-44
0.250506 3.32106e-44
0.251537 3.3218e-44
0.252568 3.32253e-44
0.253599 3.32323e-44
0.25463 3.32392e-44
0.255661 3.32459e-44
0.256692 3.32524e-44
0.257723 3.32587e-44
0.258754 3.32648e-44
0.259786 3.32708e-44
0.260817 3.32767e-44
0.261848 3.32822e-44
0.262879 3.32876e-44
0.26391 3.32929e-44
0.264941 3.32979e-44
0.265972 3.33028e-44
0.267003 3.33076e-44
0.268034 3.33121e-44
0.269065 3.33164e-44
0.270096 3.33207e-44
0.271127 3.33246e-44
0.272158 3.33285e-44
0.273189 3.33321e-44
0.27422 3.33356e-44
0.275251 3.33389e-44
0.276282 3.3342e-44
0.277313 3.33449e-44
0.278344 3.33478e-44
0.279375 3.33504e-44
0.280406 3.33528e-44
0.281437 3.33551e-44
0.282468 3.33571e-44
0.283499 3.3359e-44
0.28453 3.33608e-44
0.285561 3.33624e-44
0.286592 3.33638e-44
0.287623 3.3365e-44
0.288654 3.33661e-44
0.289686 3.33669e-44
0.290717 3.33677e-44
0.291748 3.33682e-44
0.292779 3.33686e-44
0.29381 3.33689e-44
0.294841 3.33689e-44
0.295872 3.33688e-44
0.296903 3.33686e-44
0.297934 3.33681e-44
0.298965 3.33674e-44
0.299996 3.33667e-44
0.301027 3.33657e-44
0.302058 3.33646e-44
0.303089 3.33634e-44
0.30412 3.33619e-44
0.305151 3.33603e-44
0.306182 3.33586e-44
0.307213 3.33566e-44
0.308244 3.33546e-44
0.309275 3.33523e-44
0.310306 3.33499e-44
0.311337 3.33474e-44
0.312368 3.33446e-44
0.313399 3.33417e-44
0.31443 3.33387e-44
0.315461 3.33355e-44
0.316492 3.33321e-44
0.317523 3.33286e-44
0.318554 3.33249e-44
0.319586 3.3321e-44
0.320617 3.33171e-44
0.321648 3.33129e-44
0.322679 3.33086e-44
0.32371 3.33042e-44
0.324741 3.32995e-44
0.325772 3.32947e-44
0.326803 3.32899e-44
0.327834 3.32847e-44
0.328865 3.32795e-44
0.329896 3.32741e-44
0.330927 3.32685e-44
0.331958 3.32629e-44
0.332989 3.3257e-44
0.33402 3.3251e-44
0.335051 3.32449e-44
0.336082 3.32386e-44
0.337113 3.32321e-44
0.338144 3.32255e-44
0.339175 3.32188e-44
0.340206 3.32118e-44
0.341237 3.32048e-44
0.342268 3.31976e-44
0.343299 3.31902e-44
0.34433 3.31828e-44
0.345361 3.31751e-44
0.346392 3.31673e-44
0.347423 3.31594e-44
0.348454 3.31513e-44
0.349486 3.31431e-44
0.350517 3.31348e-44
0.351548 3.31262e-44
0.352579 3.31176e-44
0.35361 3.31088e-44
0.354641 3.30998e-44
0.355672 3.30907e-44
0.356703 3.30815e-44
0.357734 3.30721e-44
0.358765 3.30626e-44
0.359796 3.3053e-44
0.360827 3.30432e-44
0.361858 3.30332e-44
0.362889 3.30232e-44
0.36392 3.30129e-44
0.364951 3.30026e-44
0.365982 3.29921e-44
0.367013 3.29815e-44
0.368044 3.29707e-44
0.369075 3.29598e-44
0.370106 3.29487e-44
0.371137 3.29376e-44
0.372168 3.29263e-44
0.373199 3.29148e-44
0.37423 3.29032e-44
0.375261 3.28915e-44
0.376292 3.28796e-44
0.377323 3.28677e-44
0.378354 3.28555e-44
0.379386 3.28433e-44
0.380417 3.28309e-44
0.381448 3.28184e-44
0.382479 3.28057e-44
0.38351 3.27929e-44
0.384541 3.278e-44
0.385572 3.2767e-44
0.386603 3.27538e-44
0.387634 3.27405e-44
0.388665 3.2727e-44
0.389696 3.27135e-44
0.390727 3.26998e-44
0.391758 3.2686e-44
0.392789 3.26721e-44
0.39382 3.26579e-44
0.394851 3.26437e-44
0.395882 3.26294e-44
0.396913 3.2615e-44
0.397944 3.26004e-44
0.398975 3.25857e-44
0.400006 3.25708e-44
0.401037 3.25559e-44
0.402068 3.25408e-44
0.403099 3.25256e-44
0.40413 3.25103e-44
0.405161 3.24948e-44
0.406192 3.24793e-44
0.407223 3.24636e-44
0.408254 3.24478e-44
0.409286 3.24318e-44
0.410317 3.24158e-44
0.411348 3.23996e-44
0.412379 3.23833e-44
0.41341 3.23669e-44
0.414441 3.23503e-44
0.415472 3.23337e-44
0.416503 3.23169e-44
0.417534 3.23e-44
0.418565 3.2283e-44
0.419596 3.22659e-44
0.420627 3.22487e-44
0.421658 3.22313e-44
0.422689 3.22139e-44
0.42372 3.21962e-44
0.424751 3.21785e-44
0.425782 3.21608e-44
0.426813 3.21428e-44
0.427844 3.21248e-44
0.428875 3.21066e-44
0.429906 3.20883e-44
0.430937 3.207e-44
0.431968 3.20515e-44
0.432999 3.20329e-44
0.43403 3.20141e-44
0.435061 3.19953e-44
0.436092 3.19764e-44
0.437123 3.19573e-44
0.438154 3.19382e-44
0.439186 3.19189e-44
0.440217 3.18995e-44
0.441248 3.18801e-44
0.442279 3.18605e-44
0.44331 3.18408e-44
0.444341 3.1821e-44
0.445372 3.18011e-44
0.446403 3.17811e-44
0.447434 3.17609e-44
0.448465 3.17407e-44
0.449496 3.17204e-44
0.450527 3.16999e-44
0.451558 3.16794e-44
0.452589 3.16588e-44
0.45362 3.1638e-44
0.454651 3.16171e-44
0.455682 3.15962e-44
0.456713 3.15751e-44
0.457744 3.1554e-44
0.458775 3.15327e-44
0.459806 3.15113e-44
0.460837 3.14899e-44
0.461868 3.14683e-44
0.462899 3.14467e-44
0.46393 3.14249e-44
0.464961 3.14031e-44
0.465992 3.13811e-44
0.467023 3.1359e-44
0.468054 3.13369e-44
0.469086 3.13146e-44
0.470117 3.12923e-44
0.471148 3.12698e-44
0.472179 3.12473e-44
0.47321 3.12247e-44
0.474241 3.12019e-44
0.475272 3.11791e-44
0.476303 3.11562e-44
0.477334 3.11332e-44
0.478365 3.111e-44
0.479396 3.10869e-44
0.480427 3.10636e-44
0.481458 3.10402e-44
0.482489 3.10167e-44
0.48352 3.09931e-44
0.484551 3.09694e-44
0.485582 3.09457e-44
0.486613 3.09218e-44
0.487644 3.08979e-44
0.488675 3.08739e-44
0.489706 3.08498e-44
0.490737 3.08256e-44
0.491768 3.08013e-44
0.492799 3.07769e-44
0.49383 3.07524e-44
0.494861 3.07279e-44
0.495892 3.07032e-44
0.496923 3.06785e-44
0.497954 3.06537e-44
0.498986 3.06288e-44
0.500017 3.06038e-44
0.501048 3.05787e-44
0.502079 3.05536e-44
0.50311 3.05283e-44
0.504141 3.0503e-44
0.505172 3.04776e-44
0.506203 3.04521e-44
0.507234 3.04265e-44
0.508265 3.04008e-44
0.509296 3.03751e-44
0.510327 3.03493e-44
0.511358 3.03234e-44
0.512389 3.02974e-44
0.51342 3.02713e-44
0.514451 3.02452e-44
0.515482 3.0219e-44
0.516513 3.01927e-44
0.517544 3.01663e-44
0.518575 3.01398e-44
0.519606 3.01133e-44
0.520637 3.00866e-44
0.521668 3.006e-44
0.522699 3.00332e-44
0.52373 3.00063e-44
0.524761 2.99794e-44
0.525792 2.99524e-44
0.526823 2.99253e-44
0.527854 2.98982e-44
0.528886 2.98709e-44
0.529917 2.98436e-44
0.530948 2.98163e-44
0.531979 2.97888e-44
0.53301 2.97613e-44
0.534041 2.97337e-44
0.535072 2.9706e-44
0.536103 2.96783e-44
0.537134 2.96505e-44
0.538165 2.96226e-44
0.539196 2.95946e-44
0.540227 2.95666e-44
0.541258 2.95385e-44
0.542289 2.95103e-44
0.54332 2.94821e-44
0.544351 2.94538e-44
0.545382 2.94254e-44
0.546413 2.9397e-44
0.547444 2.93684e-44
0.548475 2.93399e-44
0.549506 2.93112e-44
0.550537 2.92825e-44
0.551568 2.92537e-44
0.552599 2.92249e-44
0.55363 2.91959e-44
0.554661 2.9167e-44
0.555692 2.91379e-44
0.556723 2.91088e-44
0.557754 2.90796e-44
0.558786 2.90504e-44
0.559817 2.90211e-44
0.560848 2.89917e-44
0.561879 2.89623e-44
0.56291 2.89328e-44
0.563941 2.89032e-44
0.564972 2.88736e-44
0.566003 2.88439e-44
0.567034 2.88142e-44
0.568065 2.87844e-44
0.569096 2.87545e-44
0.570127 2.87246e-44
0.571158 2.86946e-44
0.572189 2.86646e-44
0.57322 2.86345e-44
0.574251 2.86043e-44
0.575282 2.85741e-44
0.576313 2.85438e-44
0.577344 2.85135e-44
0.578375 2.84831e-44
0.579406 2.84526e-44
0.580437 2.84221e-44
0.581468 2.83915e-44
0.582499 2.83609e-44
0.58353 2.83302e-44
0.584561 2.82995e-44
0.585592 2.82687e-44
0.586623 2.82379e-44
0.587654 2.8207e-44
0.588686 2.8176e-44
0.589717 2.8145e-44
0.590748 2.8114e-44
0.591779 2.80828e-44
0.59281 2.80517e-44
0.593841 2.80205e-44
0.594872 2.79892e-44
0.595903 2.79579e-44
0.596934 2.79265e-44
0.597965 2.78951e-44
0.598996 2.78636e-44
0.600027 2.78321e-44
0.601058 2.78005e-44
0.602089 2.77689e-44
0.60312 2.77372e-44
0.604151 2.77055e-44
0.605182 2.76737e-44
0.606213 2.76419e-44
0.607244 2.761e-44
0.608275 2.75781e-44
0.609306 2.75461e-44
0.610337 2.75141e-44
0.611368 2.7482e-44
0.612399 2.74499e-44
0.61343 2.74178e-44
0.614461 2.73856e-44
0.615492 2.73533e-44
0.616523 2.73211e-44
0.617554 2.72887e-44
0.618586 2.72563e-44
0.619617 2.72239e-44
0.620648 2.71915e-44
0.621679 2.7159e-44
0.62271 2.71264e-44
0.623741 2.70938e-44
0.624772 2.70612e-44
0.625803 2.70285e-44
0.626834 2.69958e-44
0.627865 2.6963e-44
0.628896 2.69302e-44
0.629927 2.68974e-44
0.630958 2.68645e-44
0.631989 2.68315e-44
0.63302 2.67986e-44
0.634051 2.67656e-44
0.635082 2.67325e-44
0.636113 2.66994e-44
0.637144 2.66663e-44
0.638175 2.66332e-44
0.639206 2.66e-44
0.640237 2.65667e-44
0.641268 2.65334e-44
0.642299 2.65001e-44
0.64333 2.64668e-44
0.644361 2.64334e-44
0.645392 2.64e-44
0.646423 2.63665e-44
0.647454 2.6333e-44
0.648486 2.62995e-44
0.649517 2.62659e-44
0.650548 2.62323e-44
0.651579 2.61987e-44
0.65261 2.6165e-44
0.653641 2.61313e-44
0.654672 2.60976e-44
0.655703 2.60638e-44
0.656734 2.603e-44
0.657765 2.59962e-44
0.658796 2.59623e-44
0.659827 2.59284e-44
0.660858 2.58945e-44
0.661889 2.58605e-44
0.66292 2.58265e-44
0.663951 2.57925e-44
0.664982 2.57585e-44
0.666013 2.57244e-44
0.667044 2.56903e-44
0.668075 2.56561e-44
0.669106 2.56219e-44
0.670137 2.55877e-44
0.671168 2.55535e-44
0.672199 2.55193e-44
0.67323 2.5485e-44
0.674261 2.54507e-44
0.675292 2.54163e-44
0.676323 2.53819e-44
0.677354 2.53475e-44
0.678386 2.53131e-44
0.679417 2.52787e-44
0.680448 2.52442e-44
0.681479 2.52097e-44
0.68251 2.51751e-44
0.683541 2.51406e-44
0.684572 2.5106e-44
0.685603 2.50714e-44
0.686634 2.50368e-44
0.687665 2.50021e-44
0.688696 2.49675e-44
0.689727 2.49328e-44
0.690758 2.4898e-44
0.691789 2.48633e-44
0.69282 2.48285e-44
0.693851 2.47937e-44
0.694882 2.47589e-44
0.695913 2.47241e-44
0.696944 2.46892e-44
0.697975 2.46544e-44
0.699006 2.46195e-44
0.700037 2.45845e-44
0.701068 2.45496e-44
0.702099 2.45146e-44
0.70313 2.44796e-44
0.704161 2.44446e-44
0.705192 2.44096e-44
0.706223 2.43746e-44
0.707254 2.43395e-44
0.708286 2.43045e-44
0.709317 2.42694e-44
0.710348 2.42342e-44
0.711379 2.41991e-44
0.71241 2.4164e-44
0.713441 2.41288e-44
0.714472 2.40936e-44
0.715503 2.40584e-44
0.716534 2.40232e-44
0.717565 2.3988e-44
0.718596 2.39527e-44
0.719627 2.39175e-44
0.720658 2.38822e-44
0.721689 2.38469e-44
0.72272 2.38116e-44
0.723751 2.37762e-44
0.724782 2.37409e-44
0.725813 2.37055e-44
0.726844 2.36702e-44
0.727875 2.36348e-44
0.728906 2.35994e-44
0.729937 2.3564e-44
0.730968 2.35286e-44
0.731999 2.34931e-44
0.73303 2.34577e-44
0.734061 2.34222e-44
0.735092 2.33868e-44
0.736123 2.33513e-44
0.737154 2.33158e-44
0.738186 2.32803e-44
0.739217 2.32448e-44
0.740248 2.32092e-44
0.741279 2.31737e-44
0.74231 2.31381e-44
0.743341 2.31026e-44
0.744372 2.3067e-44
0.745403 2.30315e-44
0.746434 2.29959e-44
0.747465 2.29603e-44
0.748496 2.29247e-44
0.749527 2.28891e-44
0.750558 2.28534e-44
0.751589 2.28178e-44
0.75262 2.27822e-44
0.753651 2.27465e-44
0.754682 2.27109e-44
0.755713 2.26752e-44
0.756744 2.26396e-44
0.757775 2.26039e-44
0.758806 2.25682e-44
0.759837 2.25325e-44
0.760868 2.24969e-44
0.761899 2.24612e-44
0.76293 2.24255e-44
0.763961 2.23898e-44
0.764992 2.23541e-44
0.766023 2.23183e-44
0.767054 2.22826e-44
0.768086 2.22469e-44
0.769117 2.22112e-44
0.770148 2.21755e-44
0.771179 2.21397e-44
0.77221 2.2104e-44
0.773241 2.20682e-44
0.774272 2.20325e-44
0.775303 2.19968e-44
0.776334 2.1961e-44
0.777365 2.19253e-44
0.778396 2.18895e-44
0.779427 2.18538e-44
0.780458 2.1818e-44
0.781489 2.17823e-44
0.78252 2.17465e-44
0.783551 2.17107e-44
0.784582 2.1675e-44
0.785613 2.16392e-44
0.786644 2.16035e-44
0.787675 2.15677e-44
0.788706 2.1532e-44
0.789737 2.14962e-44
0.790768 2.14604e-44
0.791799 2.14247e-44
0.79283 2.13889e-44
0.793861 2.13532e-44
0.794892 2.13174e-44
0.795923 2.12817e-44
0.796954 2.12459e-44
0.797986 2.12102e-44
0.799017 2.11744e-44
0.800048 2.11387e-44
0.801079 2.1103e-44
0.80211 2.10672e-44
0.803141 2.10315e-44
0.804172 2.09958e-44
0.805203 2.09601e-44
0.806234 2.09243e-44
0.807265 2.08886e-44
0.808296 2.08529e-44
0.809327 2.08172e-44
0.810358 2.07815e-44
0.811389 2.07458e-44
0.81242 2.07101e-44
0.813451 2.06744e-44
0.814482 2.06387e-44
0.815513 2.06031e-44
0.816544 2.05674e-44
0.817575 2.05317e-44
0.818606 2.04961e-44
0.819637 2.04604e-44
0.820668 2.04248e-44
0.821699 2.03892e-44
0.82273 2.03535e-44
0.823761 2.03179e-44
0.824792 2.02823e-44
0.825823 2.02467e-44
0.826854 2.02111e-44
0.827886 2.01755e-44
0.828917 2.01399e-44
0.829948 2.01044e-44
0.830979 2.00688e-44
0.83201 2.00332e-44
0.833041 1.99977e-44
0.834072 1.99621e-44
0.835103 1.99266e-44
0.836134 1.98911e-44
0.837165 1.98556e-44
0.838196 1.98201e-44
0.839227 1.97846e-44
0.840258 1.97491e-44
0.841289 1.97137e-44
0.84232 1.96782e-44
0.843351 1.96428e-44
0.844382 1.96073e-44
0.845413 1.95719e-44
0.846444 1.95365e-44
0.847475 1.95011e-44
0.848506 1.94657e-44
0.849537 1.94303e-44
0.850568 1.9395e-44
0.851599 1.93596e-44
0.85263 1.93243e-44
0.853661 1.9289e-44
0.854692 1.92536e-44
0.855723 1.92183e-44
0.856754 1.91831e-44
0.857786 1.91478e-44
0.858817 1.91125e-44
0.859848 1.90773e-44
0.860879 1.90421e-44
0.86191 1.90068e-44
0.862941 1.89716e-44
0.863972 1.89364e-44
0.865003 1.89013e-44
0.866034 1.88661e-44
0.867065 1.8831e-44
0.868096 1.87958e-44
0.869127 1.87607e-44
0.870158 1.87256e-44
0.871189 1.86905e-44
0.87222 1.86555e-44
0.873251 1.86204e-44
0.874282 1.85854e-44
0.875313 1.85504e-44
0.876344 1.85154e-44
0.877375 1.84804e-44
0.878406 1.84454e-44
0.879437 1.84105e-44
0.880468 1.83756e-44
0.881499 1.83406e-44
0.88253 1.83057e-44
0.883561 1.82709e-44
0.884592 1.8236e-44
0.885623 1.82011e-44
0.886654 1.81663e-44
0.887686 1.81315e-44
0.888717 1.80967e-44
0.889748 1.8062e-44
0.890779 1.80272e-44
0.89181 1.79925e-44
0.892841 1.79578e-44
0.893872 1.79231e-44
0.894903 1.78884e-44
0.895934 1.78537e-44
0.896965 1.78191e-44
0.897996 1.77845e-44
0.899027 1.77499e-44
0.900058 1.77153e-44
0.901089 1.76807e-44
0.90212 1.76462e-44
0.903151 1.76117e-44
0.904182 1.75772e-44
0.905213 1.75427e-44
0.906244 1.75083e-44
0.907275 1.74738e-44
0.908306 1.74394e-44
0.909337 1.7405e-44
0.910368 1.73707e-44
0.911399 1.73363e-44
0.91243 1.7302e-44
0.913461 1.72677e-44
0.914492 1.72334e-44
0.915523 1.71992e-44
0.916554 1.71649e-44
0.917586 1.71307e-44
0.918617 1.70965e-44
0.919648 1.70624e-44
0.920679 1.70282e-44
0.92171 1.69941e-44
0.922741 1.696e-44
0.923772 1.6926e-44
0.924803 1.68919e-44
0.925834 1.68579e-44
0.926865 1.68239e-44
0.927896 1.67899e-44
0.928927 1.67559e-44
0.929958 1.6722e-44
0.930989 1.66881e-44
0.93202 1.66542e-44
0.933051 1.66204e-44
0.934082 1.65865e-44
0.935113 1.65527e-44
0.936144 1.6519e-44
0.937175 1.64852e-44
0.938206 1.64515e-44
0.939237 1.64178e-44
0.940268 1.63841e-44
0.941299 1.63504e-44
0.94233 1.63168e-44
0.943361 1.62832e-44
0.944392 1.62496e-44
0.945423 1.62161e-44
0.946454 1.61825e-44
0.947486 1.61491e-44
0.948517 1.61156e-44
0.949548 1.60821e-44
0.950579 1.60487e-44
0.95161 1.60153e-44
0.952641 1.5982e-44
0.953672 1.59486e-44
0.954703 1.59153e-44
0.955734 1.5882e-44
0.956765 1.58488e-44
0.957796 1.58156e-44
0.958827 1.57824e-44
0.959858 1.57492e-44
0.960889 1.5716e-44
0.96192 1.56829e-44
0.962951 1.56498e-44
0.963982 1.56168e-44
0.965013 1.55838e-44
0.966044 1.55508e-44
0.967075 1.55178e-44
0.968106 1.54848e-44
0.969137 1.54519e-44
0.970168 1.5419e-44
0.971199 1.53862e-44
0.97223 1.53534e-44
0.973261 1.53206e-44
0.974292 1.52878e-44
0.975323 1.5255e-44
0.976354 1.52223e-44
0.977386 1.51897e-44
0.978417 1.5157e-44
0.979448 1.51244e-44
0.980479 1.50918e-44
0.98151 1.50592e-44
0.982541 1.50267e-44
0.983572 1.49942e-44
0.984603 1.49617e-44
0.985634 1.49293e-44
0.986665 1.48969e-44
0.987696 1.48645e-44
0.988727 1.48322e-44
0.989758 1.47999e-44
0.990789 1.47676e-44
0.99182 1.47353e-44
0.992851 1.47031e-44
0.993882 1.46709e-44
0.994913 1.46388e-44
0.995944 1.46066e-44
0.996975 1.45745e-44
0.998006 1.45425e-44
0.999037 1.45105e-44
1.00007 1.44785e-44
1.0011 1.44465e-44
1.00213 1.44146e-44
1.00316 1.43827e-44
1.00419 1.43508e-44
1.00522 1.43189e-44
1.00625 1.42871e-44
1.00729 1.42554e-44
1.00832 1.42236e-44
1.00935 1.41919e-44
1.01038 1.41603e-44
1.01141 1.41286e-44
1.01244 1.4097e-44
1.01347 1.40654e-44
1.0145 1.40339e-44
1.01553 1.40024e-44
1.01656 1.39709e-44
1.0176 1.39395e-44
1.01863 1.39081e-44
1.01966 1.38767e-44
1.02069 1.38454e-44
1.02172 1.3814e-44
1.02275 1.37828e-44
1.02378 1.37515e-44
1.02481 1.37203e-44
1.02584 1.36892e-44
1.02688 1.3658e-44
1.02791 1.36269e-44
1.02894 1.35959e-44
1.02997 1.35648e-44
1.031 1.35338e-44
1.03203 1.35029e-44
1.03306 1.3472e-44
1.03409 1.34411e-44
1.03512 1.34102e-44
1.03615 1.33794e-44
1.03719 1.33486e-44
1.03822 1.33178e-44
1.03925 1.32871e-44
1.04028 1.32565e-44
1.04131 1.32258e-44
1.04234 1.31952e-44
1.04337 1.31646e-44
1.0444 1.31341e-44
1.04543 1.31036e-44
1.04646 1.30731e-44
1.0475 1.30427e-44
1.04853 1.30123e-44
1.04956 1.29819e-44
1.05059 1.29516e-44
1.05162 1.29213e-44
1.05265 1.28911e-44
1.05368 1.28608e-44
1.05471 1.28307e-44
1.05574 1.28005e-44
1.05678 1.27704e-44
1.05781 1.27404e-44
1.05884 1.27103e-44
1.05987 1.26803e-44
1.0609 1.26504e-44
1.06193 1.26204e-44
1.06296 1.25906e-44
1.06399 1.25607e-44
1.06502 1.25309e-44
1.06605 1.25011e-44
1.06709 1.24714e-44
1.06812 1.24417e-44
1.06915 1.2412e-44
1.07018 1.23824e-44
1.07121 1.23528e-44
1.07224 1.23233e-44
1.07327 1.22938e-44
1.0743 1.22643e-44
1.07533 1.22348e-44
1.07636 1.22054e-44
1.0774 1.21761e-44
1.07843 1.21468e-44
1.07946 1.21175e-44
1.08049 1.20882e-44
1.08152 1.2059e-44
1.08255 1.20298e-44
1.08358 1.20007e-44
1.08461 1.19716e-44
1.08564 1.19426e-44
1.08668 1.19135e-44
1.08771 1.18846e-44
1.08874 1.18556e-44
1.08977 1.18267e-44
1.0908 1.17978e-44
1.09183 1.1769e-44
1.09286 1.17402e-44
1.09389 1.17115e-44
1.09492 1.16828e-44
1.09595 1.16541e-44
1.09699 1.16255e-44
1.09802 1.15969e-44
1.09905 1.15683e-44
1.10008 1.15398e-44
1.10111 1.15113e-44
1.10214 1.14829e-44
1.10317 1.14545e-44
1.1042 1.14261e-44
1.10523 1.13978e-44
1.10626 1.13695e-44
1.1073 1.13413e-44
1.10833 1.13131e-44
1.10936 1.12849e-44
1.11039 1.12568e-44
1.11142 1.12287e-44
1.11245 1.12007e-44
1.11348 1.11727e-44
1.11451 1.11447e-44
1.11554 1.11168e-44
1.11658 1.10889e-44
1.11761 1.1061e-44
1.11864 1.10332e-44
1.11967 1.10055e-44
1.1207 1.09777e-44
1.12173 1.095e-44
1.12276 1.09224e-44
1.12379 1.08948e-44
1.12482 1.08672e-44
1.12585 1.08397e-44
1.12689 1.08122e-44
1.12792 1.07848e-44
1.12895 1.07573e-44
1.12998 1.073e-44
1.13101 1.07027e-44
1.13204 1.06754e-44
1.13307 1.06481e-44
1.1341 1.06209e-44
1.13513 1.05938e-44
1.13616 1.05666e-44
1.1372 1.05395e-44
1.13823 1.05125e-44
1.13926 1.04855e-44
1.14029 1.04585e-44
1.14132 1.04316e-44
1.14235 1.04047e-44
1.14338 1.03779e-44
1.14441 1.03511e-44
1.14544 1.03243e-44
1.14648 1.02976e-44
1.14751 1.02709e-44
1.14854 1.02443e-44
1.14957 1.02177e-44
1.1506 1.01911e-44
1.15163 1.01646e-44
1.15266 1.01382e-44
1.15369 1.01117e-44
1.15472 1.00853e-44
1.15575 1.0059e-44
1.15679 1.00327e-44
1.15782 1.00064e-44
1.15885 9.98018e-45
1.15988 9.95399e-45
1.16091 9.92785e-45
1.16194 9.90174e-45
1.16297 9.87568e-45
1.164 9.84966e-45
1.16503 9.82368e-45
1.16606 9.79774e-45
1.1671 9.77184e-45
1.16813 9.74598e-45
1.16916 9.72017e-45
1.17019 9.6944e-45
1.17122 9.66866e-45
1.17225 9.64297e-45
1.17328 9.61732e-45
1.17431 9.59172e-45
1.17534 9.56615e-45
1.17638 9.54062e-45
1.17741 9.51514e-45
1.17844 9.4897e-45
1.17947 9.4643e-45
1.1805 9.43894e-45
1.18153 9.41362e-45
1.18256 9.38835e-45
1.18359 9.36311e-45
1.18462 9.33792e-45
1.18565 9.31277e-45
1.18669 9.28766e-45
1.18772 9.2626e-45
1.18875 9.23757e-45
1.18978 9.21259e-45
1.19081 9.18764e-45
1.19184 9.16274e-45
1.19287 9.13789e-45
1.1939 9.11307e-45
1.19493 9.08829e-45
1.19596 9.06356e-45
1.197 9.03887e-45
1.19803 9.01422e-45
1.19906 8.98961e-45
1.20009 8.96505e-45
1.20112 8.94052e-45
1.20215 8.91604e-45
1.20318 8.8916e-45
1.20421 8.8672e-45
1.20524 8.84285e-45
1.20628 8.81853e-45
1.20731 8.79426e-45
1.20834 8.77003e-45
1.20937 8.74584e-45
1.2104 8.72169e-45
1.21143 8.69759e-45
1.21246 8.67353e-45
1.21349 8.64951e-45
1.21452 8.62553e-45
1.21555 8.60159e-45
1.21659 8.5777e-45
1.21762 8.55385e-45
1.21865 8.53003e-45
1.21968 8.50627e-45
1.22071 8.48254e-45
1.22174 8.45885e-45
1.22277 8.43521e-45
1.2238 8.41161e-45
1.22483 8.38805e-45
1.22586 8.36454e-45
1.2269 8.34106e-45
1.22793 8.31763e-45
1.22896 8.29424e-45
1.22999 8.27089e-45
1.23102 8.24759e-45
1.23205 8.22432e-45
1.23308 8.2011e-45
1.23411 8.17792e-45
1.23514 8.15479e-45
1.23618 8.13169e-45
1.23721 8.10864e-45
1.23824 8.08563e-45
1.23927 8.06266e-45
1.2403 8.03973e-45
1.24133 8.01684e-45
1.24236 7.994e-45
1.24339 7.9712e-45
1.24442 7.94844e-45
1.24545 7.92572e-45
1.24649 7.90305e-45
1.24752 7.88042e-45
1.24855 7.85782e-45
1.24958 7.83528e-45
1.25061 7.81277e-45
1.25164 7.79031e-45
1.25267 7.76788e-45
1.2537 7.7455e-45
1.25473 7.72316e-45
1.25576 7.70087e-45
1.2568 7.67861e-45
1.25783 7.6564e-45
1.25886 7.63423e-45
1.25989 7.6121e-45
1.26092 7.59002e-45
1.26195 7.56797e-45
1.26298 7.54597e-45
1.26401 7.52401e-45
1.26504 7.50209e-45
1.26608 7.48022e-45
1.26711 7.45838e-45
1.26814 7.43659e-45
1.26917 7.41484e-45
1.2702 7.39313e-45
1.27123 7.37147e-45
1.27226 7.34984e-45
1.27329 7.32826e-45
1.27432 7.30672e-45
1.27535 7.28522e-45
1.27639 7.26376e-45
1.27742 7.24235e-45
1.27845 7.22097e-45
1.27948 7.19964e-45
1.28051 7.17835e-45
1.28154 7.15711e-45
1.28257 7.1359e-45
1.2836 7.11474e-45
1.28463 7.09361e-45
1.28566 7.07254e-45
1.2867 7.0515e-45
1.28773 7.0305e-45
1.28876 7.00954e-45
1.28979 6.98863e-45
1.29082 6.96776e-45
1.29185 6.94693e-45
1.29288 6.92614e-45
1.29391 6.90539e-45
1.29494 6.88469e-45
1.29598 6.86403e-45
1.29701 6.8434e-45
1.29804 6.82283e-45
1.29907 6.80229e-45
1.3001 6.78179e-45
1.30113 6.76133e-45
1.30216 6.74092e-45
1.30319 6.72055e-45
1.30422 6.70022e-45
1.30525 6.67993e-45
1.30629 6.65968e-45
1.30732 6.63948e-45
1.30835 6.61931e-45
1.30938 6.59918e-45
1.31041 6.5791e-45
1.31144 6.55906e-45
1.31247 6.53906e-45
1.3135 6.51911e-45
1.31453 6.49919e-45
1.31556 6.47931e-45
1.3166 6.45948e-45
1.31763 6.43969e-45
1.31866 6.41994e-45
1.31969 6.40023e-45
1.32072 6.38056e-45
1.32175 6.36093e-45
1.32278 6.34134e-45
1.32381 6.32179e-45
1.32484 6.30229e-45
1.32588 6.28283e-45
1.32691 6.26341e-45
1.32794 6.24403e-45
1.32897 6.22468e-45
1.33 6.20538e-45
1.33103 6.18613e-45
1.33206 6.16691e-45
1.33309 6.14773e-45
1.33412 6.1286e-45
1.33515 6.1095e-45
1.33619 6.09045e-45
1.33722 6.07144e-45
1.33825 6.05246e-45
1.33928 6.03353e-45
1.34031 6.01464e-45
1.34134 5.99579e-45
1.34237 5.97698e-45
1.3434 5.95822e-45
1.34443 5.93949e-45
1.34546 5.9208e-45
1.3465 5.90216e-45
1.34753 5.88355e-45
1.34856 5.86498e-45
1.34959 5.84646e-45
1.35062 5.82798e-45
1.35165 5.80953e-45
1.35268 5.79113e-45
1.35371 5.77277e-45
1.35474 5.75444e-45
1.35578 5.73616e-45
1.35681 5.71792e-45
1.35784 5.69972e-45
1.35887 5.68156e-45
1.3599 5.66344e-45
1.36093 5.64536e-45
1.36196 5.62732e-45
1.36299 5.60931e-45
1.36402 5.59136e-45
1.36505 5.57343e-45
1.36609 5.55555e-45
1.36712 5.53772e-45
1.36815 5.51991e-45
1.36918 5.50215e-45
1.37021 5.48444e-45
1.37124 5.46675e-45
1.37227 5.44911e-45
1.3733 5.43151e-45
1.37433 5.41395e-45
1.37536 5.39643e-45
1.3764 5.37895e-45
1.37743 5.36151e-45
1.37846 5.34411e-45
1.37949 5.32675e-45
1.38052 5.30942e-45
1.38155 5.29214e-45
1.38258 5.2749e-45
1.38361 5.2577e-45
1.38464 5.24053e-45
1.38568 5.22341e-45
1.38671 5.20632e-45
1.38774 5.18928e-45
1.38877 5.17227e-45
1.3898 5.1553e-45
1.39083 5.13838e-45
1.39186 5.12149e-45
1.39289 5.10464e-45
1.39392 5.08783e-45
1.39495 5.07106e-45
1.39599 5.05432e-45
1.39702 5.03763e-45
1.39805 5.02098e-45
1.39908 5.00436e-45
1.40011 4.98779e-45
1.40114 4.97125e-45
1.40217 4.95475e-45
1.4032 4.93829e-45
1.40423 4.92187e-45
1.40526 4.90549e-45
1.4063 4.88915e-45
1.40733 4.87285e-45
1.40836 4.85658e-45
1.40939 4.84035e-45
1.41042 4.82417e-45
1.41145 4.80802e-45
1.41248 4.79191e-45
1.41351 4.77583e-45
1.41454 4.7598e-45
1.41558 4.74381e-45
1.41661 4.72785e-45
1.41764 4.71193e-45
1.41867 4.69605e-45
1.4197 4.68021e-45
1.42073 4.6644e-45
1.42176 4.64864e-45
1.42279 4.63291e-45
1.42382 4.61722e-45
1.42485 4.60157e-45
1.42589 4.58596e-45
1.42692 4.57038e-45
1.42795 4.55484e-45
1.42898 4.53934e-45
1.43001 4.52388e-45
1.43104 4.50846e-45
1.43207 4.49307e-45
1.4331 4.47772e-45
1.43413 4.46241e-45
1.43516 4.44714e-45
1.4362 4.43191e-45
1.43723 4.41671e-45
1.43826 4.40155e-45
1.43929 4.38643e-45
1.44032 4.37134e-45
1.44135 4.35629e-45
1.44238 4.34128e-45
1.44341 4.32631e-45
1.44444 4.31137e-45
1.44548 4.29648e-45
1.44651 4.28161e-45
1.44754 4.26679e-45
1.44857 4.252e-45
1.4496 4.23725e-45
1.45063 4.22254e-45
1.45166 4.20786e-45
1.45269 4.19322e-45
1.45372 4.17862e-45
1.45475 4.16406e-45
1.45579 4.14953e-45
1.45682 4.13504e-45
1.45785 4.12058e-45
1.45888 4.10617e-45
1.45991 4.09178e-45
1.46094 4.07744e-45
1.46197 4.06313e-45
1.463 4.04886e-45
1.46403 4.03462e-45
1.46506 4.02042e-45
1.4661 4.00626e-45
1.46713 3.99214e-45
1.46816 3.97805e-45
1.46919 3.96399e-45
1.47022 3.94997e-45
1.47125 3.93599e-45
1.47228 3.92205e-45
1.47331 3.90814e-45
1.47434 3.89427e-45
1.47538 3.88043e-45
1.47641 3.86663e-45
1.47744 3.85286e-45
1.47847 3.83913e-45
1.4795 3.82544e-45
1.48053 3.81178e-45
1.48156 3.79816e-45
1.48259 3.78457e-45
1.48362 3.77102e-45
1.48465 3.75751e-45
1.48569 3.74403e-45
1.48672 3.73058e-45
1.48775 3.71717e-45
1.48878 3.7038e-45
1.48981 3.69046e-45
1.49084 3.67716e-45
1.49187 3.66389e-45
1.4929 3.65066e-45
1.49393 3.63746e-45
1.49496 3.6243e-45
1.496 3.61117e-45
1.49703 3.59808e-45
1.49806 3.58502e-45
1.49909 3.572e-45
1.50012 3.55901e-45
1.50115 3.54606e-45
1.50218 3.53314e-45
1.50321 3.52025e-45
1.50424 3.50741e-45
1.50528 3.49459e-45
1.50631 3.48181e-45
1.50734 3.46907e-45
1.50837 3.45636e-45
1.5094 3.44368e-45
1.51043 3.43104e-45
1.51146 3.41843e-45
1.51249 3.40586e-45
1.51352 3.39332e-45
1.51455 3.38081e-45
1.51559 3.36834e-45
1.51662 3.3559e-45
1.51765 3.3435e-45
1.51868 3.33113e-45
1.51971 3.3188e-45
1.52074 3.3065e-45
1.52177 3.29423e-45
1.5228 3.282e-45
1.52383 3.2698e-45
1.52486 3.25763e-45
1.5259 3.2455e-45
1.52693 3.2334e-45
1.52796 3.22133e-45
1.52899 3.2093e-45
1.53002 3.1973e-45
1.53105 3.18534e-45
1.53208 3.17341e-45
1.53311 3.16151e-45
1.53414 3.14964e-45
1.53518 3.13781e-45
1.53621 3.12601e-45
1.53724 3.11424e-45
1.53827 3.10251e-45
1.5393 3.09081e-45
1.54033 3.07914e-45
1.54136 3.06751e-45
1.54239 3.05591e-45
1.54342 3.04434e-45
1.54445 3.0328e-45
1.54549 3.0213e-45
1.54652 3.00983e-45
1.54755 2.99839e-45
1.54858 2.98698e-45
1.54961 2.97561e-45
1.55064 2.96427e-45
1.55167 2.95296e-45
1.5527 2.94169e-45
1.55373 2.93044e-45
1.55476 2.91923e-45
1.5558 2.90805e-45
1.55683 2.8969e-45
1.55786 2.88579e-45
1.55889 2.8747e-45
1.55992 2.86365e-45
1.56095 2.85263e-45
1.56198 2.84164e-45
1.56301 2.83069e-45
1.56404 2.81976e-45
1.56508 2.80887e-45
1.56611 2.79801e-45
1.56714 2.78718e-45
1.56817 2.77638e-45
1.5692 2.76561e-45
1.57023 2.75488e-45
1.57126 2.74418e-45
1.57229 2.7335e-45
1.57332 2.72286e-45
1.57435 2.71225e-45
1.57539 2.70167e-45
1.57642 2.69112e-45
1.57745 2.68061e-45
1.57848 2.67012e-45
1.57951 2.65967e-45
1.58054 2.64924e-45
1.58157 2.63885e-45
1.5826 2.62849e-45
1.58363 2.61815e-45
1.58466 2.60785e-45
1.5857 2.59758e-45
1.58673 2.58734e-45
1.58776 2.57713e-45
1.58879 2.56695e-45
1.58982 2.55681e-45
1.59085 2.54669e-45
1.59188 2.5366e-45
1.59291 2.52654e-45
1.59394 2.51651e-45
1.59498 2.50652e-45
1.59601 2.49655e-45
1.59704 2.48661e-45
1.59807 2.4767e-45
1.5991 2.46683e-45
1.60013 2.45698e-45
1.60116 2.44716e-45
1.60219 2.43737e-45
1.60322 2.42761e-45
1.60425 2.41789e-45
1.60529 2.40819e-45
1.60632 2.39852e-45
1.60735 2.38888e-45
1.60838 2.37927e-45
1.60941 2.36968e-45
1.61044 2.36013e-45
1.61147 2.35061e-45
1.6125 2.34112e-45
1.61353 2.33165e-45
1.61456 2.32222e-45
1.6156 2.31281e-45
1.61663 2.30343e-45
1.61766 2.29409e-45
1.61869 2.28477e-45
1.61972 2.27548e-45
1.62075 2.26621e-45
1.62178 2.25698e-45
1.62281 2.24778e-45
1.62384 2.2386e-45
1.62488 2.22945e-45
1.62591 2.22033e-45
1.62694 2.21124e-45
1.62797 2.20218e-45
1.629 2.19315e-45
1.63003 2.18414e-45
1.63106 2.17517e-45
1.63209 2.16622e-45
1.63312 2.1573e-45
1.63415 2.1484e-45
1.63519 2.13954e-45
1.63622 2.1307e-45
1.63725 2.12189e-45
1.63828 2.11311e-45
1.63931 2.10436e-45
1.64034 2.09563e-45
1.64137 2.08694e-45
1.6424 2.07827e-45
1.64343 2.06962e-45
1.64446 2.06101e-45
1.6455 2.05242e-45
1.64653 2.04386e-45
1.64756 2.03533e-45
1.64859 2.02682e-45
1.64962 2.01835e-45
1.65065 2.0099e-45
1.65168 2.00147e-45
1.65271 1.99308e-45
1.65374 1.98471e-45
1.65478 1.97636e-45
1.65581 1.96805e-45
1.65684 1.95976e-45
1.65787 1.9515e-45
1.6589 1.94326e-45
1.65993 1.93505e-45
1.66096 1.92687e-45
1.66199 1.91872e-45
1.66302 1.91059e-45
1.66405 1.90248e-45
1.66509 1.89441e-45
1.66612 1.88636e-45
1.66715 1.87834e-45
1.66818 1.87034e-45
1.66921 1.86237e-45
1.67024 1.85442e-45
1.67127 1.84651e-45
1.6723 1.83861e-45
1.67333 1.83075e-45
1.67436 1.82291e-45
1.6754 1.81509e-45
1.67643 1.8073e-45
1.67746 1.79954e-45
1.67849 1.7918e-45
1.67952 1.78409e-45
1.68055 1.77641e-45
1.68158 1.76875e-45
1.68261 1.76111e-45
1.68364 1.7535e-45
1.68468 1.74592e-45
1.68571 1.73836e-45
1.68674 1.73082e-45
1.68777 1.72332e-45
1.6888 1.71583e-45
1.68983 1.70838e-45
1.69086 1.70094e-45
1.69189 1.69354e-45
1.69292 1.68615e-45
1.69395 1.67879e-45
1.69499 1.67146e-45
1.69602 1.66415e-45
1.69705 1.65687e-45
1.69808 1.64961e-45
1.69911 1.64238e-45
1.70014 1.63517e-45
1.70117 1.62798e-45
1.7022 1.62082e-45
1.70323 1.61369e-45
1.70426 1.60657e-45
1.7053 1.59949e-45
1.70633 1.59242e-45
1.70736 1.58538e-45
1.70839 1.57837e-45
1.70942 1.57138e-45
1.71045 1.56441e-45
1.71148 1.55747e-45
1.71251 1.55055e-45
1.71354 1.54365e-45
1.71458 1.53678e-45
1.71561 1.52994e-45
1.71664 1.52311e-45
1.71767 1.51631e-45
1.7187 1.50954e-45
1.71973 1.50278e-45
1.72076 1.49605e-45
1.72179 1.48935e-45
1.72282 1.48267e-45
1.72385 1.47601e-45
1.72489 1.46937e-45
1.72592 1.46276e-45
1.72695 1.45617e-45
1.72798 1.4496e-45
1.72901 1.44306e-45
1.73004 1.43654e-45
1.73107 1.43004e-45
1.7321 1.42357e-45
1.73313 1.41711e-45
1.73416 1.41069e-45
1.7352 1.40428e-45
1.73623 1.3979e-45
1.73726 1.39154e-45
1.73829 1.3852e-45
1.73932 1.37888e-45
1.74035 1.37259e-45
1.74138 1.36632e-45
1.74241 1.36007e-45
1.74344 1.35384e-45
1.74448 1.34764e-45
1.74551 1.34146e-45
1.74654 1.3353e-45
1.74757 1.32916e-45
1.7486 1.32305e-45
1.74963 1.31695e-45
1.75066 1.31088e-45
1.75169 1.30483e-45
1.75272 1.2988e-45
1.75375 1.2928e-45
1.75479 1.28681e-45
1.75582 1.28085e-45
1.75685 1.27491e-45
1.75788 1.26899e-45
1.75891 1.26309e-45
1.75994 1.25722e-45
1.76097 1.25136e-45
1.762 1.24553e-45
1.76303 1.23972e-45
1.76406 1.23393e-45
1.7651 1.22816e-45
1.76613 1.22241e-45
1.76716 1.21668e-45
1.76819 1.21097e-45
1.76922 1.20529e-45
1.77025 1.19962e-45
1.77128 1.19398e-45
1.77231 1.18836e-45
1.77334 1.18275e-45
1.77438 1.17717e-45
1.77541 1.17161e-45
1.77644 1.16607e-45
1.77747 1.16055e-45
1.7785 1.15505e-45
1.77953 1.14958e-45
1.78056 1.14412e-45
1.78159 1.13868e-45
1.78262 1.13326e-45
1.78365 1.12787e-45
1.78469 1.12249e-45
1.78572 1.11713e-45
1.78675 1.1118e-45
1.78778 1.10648e-45
1.78881 1.10118e-45
1.78984 1.09591e-45
1.79087 1.09065e-45
1.7919 1.08541e-45
1.79293 1.0802e-45
1.79396 1.075e-45
1.795 1.06982e-45
1.79603 1.06466e-45
1.79706 1.05952e-45
1.79809 1.05441e-45
1.79912 1.04931e-45
1.80015 1.04423e-45
1.80118 1.03917e-45
1.80221 1.03412e-45
1.80324 1.0291e-45
1.80428 1.0241e-45
1.80531 1.01912e-45
1.80634 1.01415e-45
1.80737 1.00921e-45
1.8084 1.00428e-45
1.80943 9.99373e-46
1.81046 9.94485e-46
1.81149 9.89616e-46
1.81252 9.84765e-46
1.81355 9.79933e-46
1.81459 9.7512e-46
1.81562 9.70326e-46
1.81665 9.6555e-46
1.81768 9.60792e-46
1.81871 9.56054e-46
1.81974 9.51334e-46
1.82077 9.46632e-46
1.8218 9.41948e-46
1.82283 9.37283e-46
1.82386 9.32636e-46
1.8249 9.28008e-46
1.82593 9.23397e-46
1.82696 9.18805e-46
1.82799 9.1423e-46
1.82902 9.09674e-46
1.83005 9.05136e-46
1.83108 9.00615e-46
1.83211 8.96113e-46
1.83314 8.91628e-46
1.83418 8.87161e-46
1.83521 8.82712e-46
1.83624 8.78281e-46
1.83727 8.73867e-46
1.8383 8.69471e-46
1.83933 8.65092e-46
1.84036 8.60731e-46
1.84139 8.56387e-46
1.84242 8.5206e-46
1.84345 8.47751e-46
1.84449 8.43459e-46
1.84552 8.39185e-46
1.84655 8.34928e-46
1.84758 8.30687e-46
1.84861 8.26464e-46
1.84964 8.22258e-46
1.85067 8.18069e-46
1.8517 8.13897e-46
1.85273 8.09742e-46
1.85376 8.05603e-46
1.8548 8.01481e-46
1.85583 7.97377e-46
1.85686 7.93288e-46
1.85789 7.89217e-46
1.85892 7.85162e-46
1.85995 7.81123e-46
1.86098 7.77102e-46
1.86201 7.73096e-46
1.86304 7.69107e-46
1.86408 7.65135e-46
1.86511 7.61178e-46
1.86614 7.57238e-46
1.86717 7.53314e-46
1.8682 7.49407e-46
1.86923 7.45515e-46
1.87026 7.4164e-46
1.87129 7.37781e-46
1.87232 7.33937e-46
1.87335 7.3011e-46
1.87439 7.26298e-46
1.87542 7.22503e-46
1.87645 7.18723e-46
1.87748 7.14959e-46
1.87851 7.1121e-46
1.87954 7.07477e-46
1.88057 7.0376e-46
1.8816 7.00059e-46
1.88263 6.96373e-46
1.88366 6.92702e-46
1.8847 6.89047e-46
1.88573 6.85407e-46
1.88676 6.81783e-46
1.88779 6.78173e-46
1.88882 6.7458e-46
1.88985 6.71001e-46
1.89088 6.67437e-46
1.89191 6.63889e-46
1.89294 6.60355e-46
1.89398 6.56837e-46
1.89501 6.53334e-46
1.89604 6.49845e-46
1.89707 6.46371e-46
1.8981 6.42913e-46
1.89913 6.39469e-46
1.90016 6.36039e-46
1.90119 6.32625e-46
1.90222 6.29225e-46
1.90325 6.25839e-46
1.90429 6.22469e-46
1.90532 6.19112e-46
1.90635 6.1577e-46
1.90738 6.12443e-46
1.90841 6.0913e-46
1.90944 6.05831e-46
1.91047 6.02547e-46
1.9115 5.99277e-46
1.91253 5.96021e-46
1.91356 5.92779e-46
1.9146 5.89552e-46
1.91563 5.86338e-46
1.91666 5.83138e-46
1.91769 5.79953e-46
1.91872 5.76781e-46
1.91975 5.73623e-46
1.92078 5.70479e-46
1.92181 5.67349e-46
1.92284 5.64233e-46
1.92388 5.6113e-46
1.92491 5.58041e-46
1.92594 5.54966e-46
1.92697 5.51904e-46
1.928 5.48856e-46
1.92903 5.45821e-46
1.93006 5.42799e-46
1.93109 5.39792e-46
1.93212 5.36797e-46
1.93315 5.33816e-46
1.93419 5.30848e-46
1.93522 5.27893e-46
1.93625 5.24952e-46
1.93728 5.22023e-46
1.93831 5.19108e-46
1.93934 5.16206e-46
1.94037 5.13317e-46
1.9414 5.10441e-46
1.94243 5.07577e-46
1.94346 5.04727e-46
1.9445 5.01889e-46
1.94553 4.99065e-46
1.94656 4.96253e-46
1.94759 4.93454e-46
1.94862 4.90667e-46
1.94965 4.87893e-46
1.95068 4.85132e-46
1.95171 4.82383e-46
1.95274 4.79647e-46
1.95378 4.76923e-46
1.95481 4.74212e-46
1.95584 4.71513e-46
1.95687 4.68827e-46
1.9579 4.66152e-46
1.95893 4.6349e-46
1.95996 4.60841e-46
1.96099 4.58203e-46
1.96202 4.55578e-46
1.96305 4.52964e-46
1.96409 4.50363e-46
1.96512 4.47774e-46
1.96615 4.45197e-46
1.96718 4.42631e-46
1.96821 4.40078e-46
1.96924 4.37536e-46
1.97027 4.35007e-46
1.9713 4.32489e-46
1.97233 4.29982e-46
1.97336 4.27488e-46
1.9744 4.25005e-46
1.97543 4.22534e-46
1.97646 4.20074e-46
1.97749 4.17626e-46
1.97852 4.15189e-46
1.97955 4.12764e-46
1.98058 4.1035e-46
1.98161 4.07948e-46
1.98264 4.05557e-46
1.98368 4.03177e-46
1.98471 4.00809e-46
1.98574 3.98451e-46
1.98677 3.96105e-46
1.9878 3.9377e-46
1.98883 3.91447e-46
1.98986 3.89134e-46
1.99089 3.86832e-46
1.99192 3.84541e-46
1.99295 3.82261e-46
1.99399 3.79992e-46
1.99502 3.77734e-46
1.99605 3.75487e-46
1.99708 3.73251e-46
1.99811 3.71025e-46
1.99914 3.6881e-46
2.00017 3.66606e-46
2.0012 3.64412e-46
2.00223 3.62229e-46
2.00326 3.60057e-46
2.0043 3.57895e-46
2.00533 3.55743e-46
2.00636 3.53602e-46
2.00739 3.51472e-46
2.00842 3.49352e-46
2.00945 3.47242e-46
2.01048 3.45142e-46
2.01151 3.43053e-46
2.01254 3.40974e-46
2.01358 3.38905e-46
2.01461 3.36846e-46
2.01564 3.34797e-46
2.01667 3.32759e-46
2.0177 3.3073e-46
2.01873 3.28712e-46
2.01976 3.26703e-46
2.02079 3.24705e-46
2.02182 3.22716e-46
2.02285 3.20737e-46
2.02389 3.18768e-46
2.02492 3.16809e-46
2.02595 3.14859e-46
2.02698 3.12919e-46
2.02801 3.10989e-46
2.02904 3.09069e-46
2.03007 3.07158e-46
2.0311 3.05257e-46
2.03213 3.03365e-46
2.03316 3.01483e-46
2.0342 2.9961e-46
2.03523 2.97746e-46
2.03626 2.95892e-46
2.03729 2.94048e-46
2.03832 2.92212e-46
2.03935 2.90386e-46
2.04038 2.8857e-46
2.04141 2.86762e-46
2.04244 2.84964e-46
2.04348 2.83174e-46
2.04451 2.81394e-46
2.04554 2.79623e-46
2.04657 2.77861e-46
2.0476 2.76108e-46
2.04863 2.74364e-46
2.04966 2.72629e-46
2.05069 2.70903e-46
2.05172 2.69185e-46
2.05275 2.67477e-46
2.05379 2.65777e-46
2.05482 2.64086e-46
2.05585 2.62404e-46
2.05688 2.6073e-46
2.05791 2.59065e-46
2.05894 2.57409e-46
2.05997 2.55762e-46
2.061 2.54123e-46
2.06203 2.52492e-46
2.06306 2.5087e-46
2.0641 2.49256e-46
2.06513 2.47651e-46
2.06616 2.46054e-46
2.06719 2.44466e-46
2.06822 2.42886e-46
2.06925 2.41314e-46
2.07028 2.39751e-46
2.07131 2.38196e-46
2.07234 2.36648e-46
2.07338 2.3511e-46
2.07441 2.33579e-46
2.07544 2.32056e-46
2.07647 2.30542e-46
2.0775 2.29035e-46
2.07853 2.27537e-46
2.07956 2.26046e-46
2.08059 2.24563e-46
2.08162 2.23089e-46
2.08265 2.21622e-46
2.08369 2.20163e-46
2.08472 2.18712e-46
2.08575 2.17268e-46
2.08678 2.15833e-46
2.08781 2.14405e-46
2.08884 2.12984e-46
2.08987 2.11572e-46
2.0909 2.10167e-46
2.09193 2.0877e-46
2.09296 2.0738e-46
2.094 2.05997e-46
2.09503 2.04623e-46
2.09606 2.03255e-46
2.09709 2.01896e-46
2.09812 2.00543e-46
2.09915 1.99198e-46
2.10018 1.9786e-46
2.10121 1.9653e-46
2.10224 1.95207e-46
2.10328 1.93891e-46
2.10431 1.92582e-46
2.10534 1.91281e-46
2.10637 1.89987e-46
2.1074 1.887e-46
2.10843 1.8742e-46
2.10946 1.86147e-46
2.11049 1.84881e-46
2.11152 1.83622e-46
2.11255 1.8237e-46
2.11359 1.81125e-46
2.11462 1.79887e-46
2.11565 1.78656e-46
2.11668 1.77432e-46
2.11771 1.76215e-46
2.11874 1.75004e-46
2.11977 1.738e-46
2.1208 1.72603e-46
2.12183 1.71413e-46
2.12286 1.70229e-46
2.1239 1.69052e-46
2.12493 1.67882e-46
2.12596 1.66718e-46
2.12699 1.65561e-46
2.12802 1.64411e-46
2.12905 1.63267e-46
2.13008 1.62129e-46
2.13111 1.60998e-46
2.13214 1.59874e-46
2.13318 1.58755e-46
2.13421 1.57644e-46
2.13524 1.56538e-46
2.13627 1.55439e-46
2.1373 1.54346e-46
2.13833 1.5326e-46
2.13936 1.5218e-46
2.14039 1.51106e-46
2.14142 1.50038e-46
2.14245 1.48976e-46
2.14349 1.4792e-46
2.14452 1.46871e-46
2.14555 1.45828e-46
2.14658 1.4479e-46
2.14761 1.43759e-46
2.14864 1.42734e-46
2.14967 1.41715e-46
2.1507 1.40701e-46
2.15173 1.39694e-46
2.15276 1.38692e-46
2.1538 1.37697e-46
2.15483 1.36707e-46
2.15586 1.35723e-46
2.15689 1.34745e-46
2.15792 1.33772e-46
2.15895 1.32806e-46
2.15998 1.31845e-46
2.16101 1.30889e-46
2.16204 1.2994e-46
2.16308 1.28996e-46
2.16411 1.28057e-46
2.16514 1.27125e-46
2.16617 1.26198e-46
2.1672 1.25276e-46
2.16823 1.2436e-46
2.16926 1.23449e-46
2.17029 1.22544e-46
2.17132 1.21644e-46
2.17235 1.2075e-46
2.17339 1.19861e-46
2.17442 1.18977e-46
2.17545 1.18099e-46
2.17648 1.17226e-46
2.17751 1.16358e-46
2.17854 1.15496e-46
2.17957 1.14638e-46
2.1806 1.13786e-46
2.18163 1.1294e-46
2.18266 1.12098e-46
2.1837 1.11262e-46
2.18473 1.1043e-46
2.18576 1.09604e-46
2.18679 1.08783e-46
2.18782 1.07966e-46
2.18885 1.07155e-46
2.18988 1.06349e-46
2.19091 1.05548e-46
2.19194 1.04752e-46
2.19298 1.0396e-46
2.19401 1.03174e-46
2.19504 1.02392e-46
2.19607 1.01616e-46
2.1971 1.00844e-46
2.19813 1.00077e-46
2.19916 9.93146e-47
2.20019 9.85571e-47
2.20122 9.78043e-47
2.20225 9.70563e-47
2.20329 9.63129e-47
2.20432 9.55743e-47
2.20535 9.48402e-47
2.20638 9.41108e-47
2.20741 9.3386e-47
2.20844 9.26658e-47
2.20947 9.19502e-47
2.2105 9.12391e-47
2.21153 9.05324e-47
2.21256 8.98303e-47
2.2136 8.91327e-47
2.21463 8.84395e-47
2.21566 8.77507e-47
2.21669 8.70664e-47
2.21772 8.63864e-47
2.21875 8.57108e-47
2.21978 8.50395e-47
2.22081 8.43725e-47
2.22184 8.37099e-47
2.22288 8.30515e-47
2.22391 8.23973e-47
2.22494 8.17474e-47
2.22597 8.11017e-47
2.227 8.04602e-47
2.22803 7.98229e-47
2.22906 7.91897e-47
2.23009 7.85607e-47
2.23112 7.79357e-47
2.23215 7.73148e-47
2.23319 7.6698e-47
2.23422 7.60853e-47
2.23525 7.54765e-47
2.23628 7.48718e-47
2.23731 7.42711e-47
2.23834 7.36743e-47
2.23937 7.30815e-47
2.2404 7.24925e-47
2.24143 7.19075e-47
2.24246 7.13264e-47
2.2435 7.07491e-47
2.24453 7.01757e-47
2.24556 6.96061e-47
2.24659 6.90403e-47
2.24762 6.84783e-47
2.24865 6.792e-47
2.24968 6.73655e-47
2.25071 6.68147e-47
2.25174 6.62676e-47
2.25278 6.57242e-47
2.25381 6.51845e-47
2.25484 6.46484e-47
2.25587 6.4116e-47
2.2569 6.35871e-47
2.25793 6.30619e-47
2.25896 6.25402e-47
2.25999 6.20221e-47
2.26102 6.15075e-47
2.26205 6.09964e-47
2.26309 6.04888e-47
2.26412 5.99847e-47
2.26515 5.94841e-47
2.26618 5.89869e-47
2.26721 5.84931e-47
2.26824 5.80027e-47
2.26927 5.75157e-47
2.2703 5.70321e-47
2.27133 5.65518e-47
2.27236 5.60748e-47
2.2734 5.56012e-47
2.27443 5.51309e-47
2.27546 5.46638e-47
2.27649 5.42e-47
2.27752 5.37395e-47
2.27855 5.32821e-47
2.27958 5.2828e-47
2.28061 5.23771e-47
2.28164 5.19293e-47
2.28268 5.14847e-47
2.28371 5.10432e-47
2.28474 5.06049e-47
2.28577 5.01696e-47
2.2868 4.97374e-47
2.28783 4.93083e-47
2.28886 4.88823e-47
2.28989 4.84593e-47
2.29092 4.80393e-47
2.29195 4.76223e-47
2.29299 4.72083e-47
2.29402 4.67973e-47
2.29505 4.63892e-47
2.29608 4.5984e-47
2.29711 4.55818e-47
2.29814 4.51825e-47
2.29917 4.4786e-47
2.3002 4.43925e-47
2.30123 4.40017e-47
2.30226 4.36139e-47
2.3033 4.32288e-47
2.30433 4.28465e-47
2.30536 4.24671e-47
2.30639 4.20904e-47
2.30742 4.17164e-47
2.30845 4.13452e-47
2.30948 4.09768e-47
2.31051 4.0611e-47
2.31154 4.02479e-47
2.31258 3.98875e-47
2.31361 3.95298e-47
2.31464 3.91747e-47
2.31567 3.88223e-47
2.3167 3.84725e-47
2.31773 3.81253e-47
2.31876 3.77806e-47
2.31979 3.74385e-47
2.32082 3.7099e-47
2.32185 3.67621e-47
2.32289 3.64276e-47
2.32392 3.60957e-47
2.32495 3.57663e-47
2.32598 3.54393e-47
2.32701 3.51149e-47
2.32804 3.47928e-47
2.32907 3.44733e-47
2.3301 3.41561e-47
2.33113 3.38414e-47
2.33216 3.3529e-47
2.3332 3.3219e-47
2.33423 3.29114e-47
2.33526 3.26062e-47
2.33629 3.23033e-47
2.33732 3.20027e-47
2.33835 3.17044e-47
2.33938 3.14085e-47
2.34041 3.11148e-47
2.34144 3.08234e-47
2.34248 3.05342e-47
2.34351 3.02473e-47
2.34454 2.99626e-47
2.34557 2.96801e-47
2.3466 2.93998e-47
2.34763 2.91217e-47
2.34866 2.88458e-47
2.34969 2.8572e-47
2.35072 2.83004e-47
2.35175 2.8031e-47
2.35279 2.77636e-47
2.35382 2.74984e-47
2.35485 2.72352e-47
2.35588 2.69742e-47
2.35691 2.67152e-47
2.35794 2.64583e-47
2.35897 2.62034e-47
2.36 2.59505e-47
2.36103 2.56997e-47
2.36206 2.54508e-47
2.3631 2.5204e-47
2.36413 2.49591e-47
2.36516 2.47162e-47
2.36619 2.44753e-47
2.36722 2.42363e-47
2.36825 2.39992e-47
2.36928 2.37641e-47
2.37031 2.35309e-47
2.37134 2.32995e-47
2.37238 2.307e-47
2.37341 2.28425e-47
2.37444 2.26167e-47
2.37547 2.23928e-47
2.3765 2.21708e-47
2.37753 2.19506e-47
2.37856 2.17321e-47
2.37959 2.15155e-47
2.38062 2.13007e-47
2.38165 2.10876e-47
2.38269 2.08763e-47
2.38372 2.06668e-47
2.38475 2.0459e-47
2.38578 2.02529e-47
2.38681 2.00486e-47
2.38784 1.9846e-47
2.38887 1.9645e-47
2.3899 1.94458e-47
2.39093 1.92482e-47
2.39196 1.90523e-47
2.393 1.8858e-47
2.39403 1.86654e-47
2.39506 1.84744e-47
2.39609 1.8285e-47
2.39712 1.80972e-47
2.39815 1.7911e-47
2.39918 1.77264e-47
2.40021 1.75434e-47
2.40124 1.7362e-47
2.40228 1.71821e-47
2.40331 1.70037e-47
2.40434 1.68269e-47
2.40537 1.66516e-47
2.4064 1.64779e-47
2.40743 1.63056e-47
2.40846 1.61348e-47
2.40949 1.59655e-47
2.41052 1.57977e-47
2.41155 1.56313e-47
2.41259 1.54664e-47
2.41362 1.5303e-47
2.41465 1.51409e-47
2.41568 1.49803e-47
2.41671 1.48211e-47
2.41774 1.46633e-47
2.41877 1.45069e-47
2.4198 1.43519e-47
2.42083 1.41982e-47
2.42186 1.4046e-47
2.4229 1.3895e-47
2.42393 1.37454e-47
2.42496 1.35972e-47
2.42599 1.34503e-47
2.42702 1.33047e-47
2.42805 1.31604e-47
2.42908 1.30174e-47
2.43011 1.28757e-47
2.43114 1.27352e-47
2.43218 1.25961e-47
2.43321 1.24582e-47
2.43424 1.23215e-47
2.43527 1.21861e-47
2.4363 1.2052e-47
2.43733 1.1919e-47
2.43836 1.17873e-47
2.43939 1.16568e-47
2.44042 1.15274e-47
2.44145 1.13993e-47
2.44249 1.12724e-47
2.44352 1.11466e-47
2.44455 1.1022e-47
2.44558 1.08985e-47
2.44661 1.07762e-47
2.44764 1.06551e-47
2.44867 1.0535e-47
2.4497 1.04161e-47
2.45073 1.02983e-47
2.45176 1.01816e-47
2.4528 1.0066e-47
2.45383 9.95153e-48
2.45486 9.83811e-48
2.45589 9.72576e-48
2.45692 9.61447e-48
2.45795 9.50424e-48
2.45898 9.39507e-48
2.46001 9.28693e-48
2.46104 9.17983e-48
2.46208 9.07375e-48
2.46311 8.96869e-48
2.46414 8.86464e-48
2.46517 8.76159e-48
2.4662 8.65954e-48
2.46723 8.55848e-48
2.46826 8.45839e-48
2.46929 8.35928e-48
2.47032 8.26113e-48
2.47135 8.16394e-48
2.47239 8.0677e-48
2.47342 7.9724e-48
2.47445 7.87804e-48
2.47548 7.7846e-48
2.47651 7.69209e-48
2.47754 7.60049e-48
2.47857 7.50979e-48
2.4796 7.42e-48
2.48063 7.3311e-48
2.48166 7.24308e-48
2.4827 7.15594e-48
2.48373 7.06967e-48
2.48476 6.98427e-48
2.48579 6.89972e-48
2.48682 6.81602e-48
2.48785 6.73317e-48
2.48888 6.65116e-48
2.48991 6.56997e-48
2.49094 6.48961e-48
2.49198 6.41007e-48
2.49301 6.33133e-48
2.49404 6.2534e-48
2.49507 6.17627e-48
2.4961 6.09993e-48
2.49713 6.02437e-48
2.49816 5.94959e-48
2.49919 5.87559e-48
2.50022 5.80235e-48
2.50125 5.72986e-48
2.50229 5.65814e-48
2.50332 5.58715e-48
2.50435 5.51691e-48
2.50538 5.4474e-48
2.50641 5.37862e-48
2.50744 5.31057e-48
2.50847 5.24323e-48
2.5095 5.1766e-48
2.51053 5.11067e-48
2.51156 5.04544e-48
2.5126 4.98091e-48
2.51363 4.91706e-48
2.51466 4.85389e-48
2.51569 4.79139e-48
2.51672 4.72957e-48
2.51775 4.66841e-48
2.51878 4.60791e-48
2.51981 4.54806e-48
2.52084 4.48886e-48
2.52188 4.43029e-48
2.52291 4.37237e-48
2.52394 4.31507e-48
2.52497 4.2584e-48
2.526 4.20235e-48
2.52703 4.14691e-48
2.52806 4.09208e-48
2.52909 4.03786e-48
2.53012 3.98423e-48
2.53115 3.93119e-48
2.53219 3.87874e-48
2.53322 3.82688e-48
2.53425 3.77559e-48
2.53528 3.72487e-48
2.53631 3.67473e-48
2.53734 3.62514e-48
2.53837 3.57611e-48
2.5394 3.52763e-48
2.54043 3.4797e-48
2.54146 3.43231e-48
2.5425 3.38546e-48
2.54353 3.33914e-48
2.54456 3.29335e-48
2.54559 3.24808e-48
2.54662 3.20333e-48
2.54765 3.15909e-48
2.54868 3.11537e-48
2.54971 3.07214e-48
2.55074 3.02942e-48
2.55178 2.98719e-48
2.55281 2.94545e-48
2.55384 2.90419e-48
2.55487 2.86342e-48
2.5559 2.82312e-48
2.55693 2.7833e-48
2.55796 2.74394e-48
2.55899 2.70505e-48
2.56002 2.66662e-48
2.56105 2.62864e-48
2.56209 2.59111e-48
2.56312 2.55403e-48
2.56415 2.51739e-48
2.56518 2.48119e-48
2.56621 2.44542e-48
2.56724 2.41008e-48
2.56827 2.37517e-48
2.5693 2.34068e-48
2.57033 2.3066e-48
2.57136 2.27294e-48
2.5724 2.23969e-48
2.57343 2.20684e-48
2.57446 2.1744e-48
2.57549 2.14235e-48
2.57652 2.11069e-48
2.57755 2.07943e-48
2.57858 2.04855e-48
2.57961 2.01806e-48
2.58064 1.98794e-48
2.58168 1.95819e-48
2.58271 1.92882e-48
2.58374 1.89982e-48
2.58477 1.87118e-48
2.5858 1.84289e-48
2.58683 1.81497e-48
2.58786 1.78739e-48
2.58889 1.76017e-48
2.58992 1.73329e-48
2.59095 1.70676e-48
2.59199 1.68056e-48
2.59302 1.6547e-48
2.59405 1.62917e-48
2.59508 1.60397e-48
2.59611 1.57909e-48
2.59714 1.55453e-48
2.59817 1.5303e-48
2.5992 1.50638e-48
2.60023 1.48277e-48
2.60126 1.45946e-48
2.6023 1.43647e-48
2.60333 1.41377e-48
2.60436 1.39138e-48
2.60539 1.36928e-48
2.60642 1.34747e-48
2.60745 1.32596e-48
2.60848 1.30473e-48
2.60951 1.28378e-48
2.61054 1.26311e-48
2.61158 1.24272e-48
2.61261 1.22261e-48
2.61364 1.20277e-48
2.61467 1.18319e-48
2.6157 1.16388e-48
2.61673 1.14484e-48
2.61776 1.12605e-48
2.61879 1.10752e-48
2.61982 1.08925e-48
2.62085 1.07123e-48
2.62189 1.05345e-48
2.62292 1.03593e-48
2.62395 1.01864e-48
2.62498 1.0016e-48
2.62601 9.84791e-49
2.62704 9.6822e-49
2.62807 9.51882e-49
2.6291 9.35774e-49
2.63013 9.19893e-49
2.63116 9.04237e-49
2.6322 8.88804e-49
2.63323 8.7359e-49
2.63426 8.58594e-49
2.63529 8.43812e-49
2.63632 8.29243e-49
2.63735 8.14884e-49
2.63838 8.00732e-49
2.63941 7.86786e-49
2.64044 7.73042e-49
2.64148 7.59498e-49
2.64251 7.46153e-49
2.64354 7.33003e-49
2.64457 7.20047e-49
2.6456 7.07282e-49
2.64663 6.94705e-49
2.64766 6.82316e-49
2.64869 6.70111e-49
2.64972 6.58088e-49
2.65075 6.46245e-49
2.65179 6.3458e-49
2.65282 6.23091e-49
2.65385 6.11775e-49
2.65488 6.00632e-49
2.65591 5.89657e-49
2.65694 5.7885e-49
2.65797 5.68208e-49
2.659 5.5773e-49
2.66003 5.47413e-49
2.66106 5.37255e-49
2.6621 5.27255e-49
2.66313 5.1741e-49
2.66416 5.07719e-49
2.66519 4.98179e-49
2.66622 4.88789e-49
2.66725 4.79547e-49
2.66828 4.70451e-49
2.66931 4.61499e-49
2.67034 4.52689e-49
2.67138 4.44019e-49
2.67241 4.35488e-49
2.67344 4.27095e-49
2.67447 4.18836e-49
2.6755 4.1071e-49
2.67653 4.02717e-49
2.67756 3.94853e-49
2.67859 3.87117e-49
2.67962 3.79509e-49
2.68065 3.72025e-49
2.68169 3.64664e-49
2.68272 3.57425e-49
2.68375 3.50306e-49
2.68478 3.43305e-49
2.68581 3.36422e-49
2.68684 3.29653e-49
2.68787 3.22999e-49
2.6889 3.16457e-49
2.68993 3.10025e-49
2.69096 3.03703e-49
2.692 2.97488e-49
2.69303 2.9138e-49
2.69406 2.85376e-49
2.69509 2.79476e-49
2.69612 2.73677e-49
2.69715 2.6798e-49
2.69818 2.62381e-49
2.69921 2.5688e-49
2.70024 2.51476e-49
2.70128 2.46166e-49
2.70231 2.4095e-49
2.70334 2.35827e-49
2.70437 2.30795e-49
2.7054 2.25852e-49
2.70643 2.20998e-49
2.70746 2.16231e-49
2.70849 2.1155e-49
2.70952 2.06954e-49
2.71055 2.02441e-49
2.71159 1.9801e-49
2.71262 1.93661e-49
2.71365 1.89391e-49
2.71468 1.852e-49
2.71571 1.81087e-49
2.71674 1.7705e-49
2.71777 1.73088e-49
2.7188 1.692e-49
2.71983 1.65386e-49
2.72086 1.61643e-49
2.7219 1.57971e-49
2.72293 1.54369e-49
2.72396 1.50835e-49
2.72499 1.47369e-49
2.72602 1.4397e-49
2.72705 1.40636e-49
2.72808 1.37367e-49
2.72911 1.34162e-49
2.73014 1.31019e-49
2.73118 1.27937e-49
2.73221 1.24916e-49
2.73324 1.21955e-49
2.73427 1.19053e-49
2.7353 1.16208e-49
2.73633 1.1342e-49
2.73736 1.10688e-49
2.73839 1.08011e-49
2.73942 1.05388e-49
2.74045 1.02819e-49
2.74149 1.00302e-49
2.74252 9.78363e-50
2.74355 9.54215e-50
2.74458 9.30565e-50
2.74561 9.07406e-50
2.74664 8.84729e-50
2.74767 8.62526e-50
2.7487 8.4079e-50
2.74973 8.19511e-50
2.75076 7.98683e-50
2.7518 7.78298e-50
2.75283 7.58348e-50
2.75386 7.38826e-50
2.75489 7.19725e-50
2.75592 7.01037e-50
2.75695 6.82755e-50
2.75798 6.64872e-50
2.75901 6.4738e-50
2.76004 6.30275e-50
2.76108 6.13547e-50
2.76211 5.97191e-50
2.76314 5.81199e-50
2.76417 5.65566e-50
2.7652 5.50286e-50
2.76623 5.3535e-50
2.76726 5.20754e-50
2.76829 5.06491e-50
2.76932 4.92555e-50
2.77035 4.7894e-50
2.77139 4.6564e-50
2.77242 4.52649e-50
2.77345 4.39962e-50
2.77448 4.27572e-50
2.77551 4.15474e-50
2.77654 4.03664e-50
2.77757 3.92134e-50
2.7786 3.80879e-50
2.77963 3.69896e-50
2.78066 3.59177e-50
2.7817 3.48719e-50
2.78273 3.38515e-50
2.78376 3.28562e-50
2.78479 3.18853e-50
2.78582 3.09385e-50
2.78685 3.00152e-50
2.78788 2.9115e-50
2.78891 2.82375e-50
2.78994 2.7382e-50
2.79098 2.65483e-50
2.79201 2.57358e-50
2.79304 2.49442e-50
2.79407 2.41729e-50
2.7951 2.34217e-50
2.79613 2.269e-50
2.79716 2.19774e-50
2.79819 2.12836e-50
2.79922 2.06081e-50
2.80025 1.99506e-50
2.80129 1.93107e-50
2.80232 1.86879e-50
2.80335 1.8082e-50
2.80438 1.74926e-50
2.80541 1.69192e-50
2.80644 1.63616e-50
2.80747 1.58194e-50
2.8085 1.52923e-50
2.80953 1.47799e-50
2.81056 1.42818e-50
2.8116 1.37978e-50
2.81263 1.33276e-50
2.81366 1.28708e-50
2.81469 1.24272e-50
2.81572 1.19963e-50
2.81675 1.1578e-50
2.81778 1.11719e-50
2.81881 1.07777e-50
2.81984 1.03952e-50
2.82088 1.00241e-50
2.82191 9.66405e-51
2.82294 9.31488e-51
2.82397 8.97628e-51
2.825 8.64801e-51
2.82603 8.32979e-51
2.82706 8.0214e-51
2.82809 7.72258e-51
2.82912 7.4331e-51
2.83015 7.15271e-51
2.83119 6.8812e-51
2.83222 6.61833e-51
2.83325 6.36389e-51
2.83428 6.11764e-51
2.83531 5.8794e-51
2.83634 5.64893e-51
2.83737 5.42604e-51
2.8384 5.21053e-51
2.83943 5.0022e-51
2.84046 4.80086e-51
2.8415 4.60632e-51
2.84253 4.41839e-51
2.84356 4.2369e-51
2.84459 4.06166e-51
2.84562 3.89251e-51
2.84665 3.72926e-51
2.84768 3.57176e-51
2.84871 3.41985e-51
2.84974 3.27336e-51
2.85078 3.13214e-51
2.85181 2.99603e-51
2.85284 2.86488e-51
2.85387 2.73856e-51
2.8549 2.61691e-51
2.85593 2.4998e-51
2.85696 2.38709e-51
2.85799 2.27864e-51
2.85902 2.17434e-51
2.86005 2.07404e-51
2.86109 1.97763e-51
2.86212 1.88498e-51
2.86315 1.79598e-51
2.86418 1.71051e-51
2.86521 1.62846e-51
2.86624 1.54971e-51
2.86727 1.47416e-51
2.8683 1.40171e-51
2.86933 1.33225e-51
2.87036 1.26568e-51
2.8714 1.20191e-51
2.87243 1.14083e-51
2.87346 1.08237e-51
2.87449 1.02642e-51
2.87552 9.72908e-52
2.87655 9.21739e-52
2.87758 8.72832e-52
2.87861 8.26107e-52
2.87964 7.81486e-52
2.88068 7.38892e-52
2.88171 6.9825e-52
2.88274 6.59488e-52
2.88377 6.22536e-52
2.8848 5.87327e-52
2.88583 5.53792e-52
2.88686 5.21869e-52
2.88789 4.91494e-52
2.88892 4.62606e-52
2.88995 4.35148e-52
2.89099 4.09062e-52
2.89202 3.84292e-52
2.89305 3.60785e-52
2.89408 3.38488e-52
2.89511 3.17352e-52
2.89614 2.97327e-52
2.89717 2.78367e-52
2.8982 2.60424e-52
2.89923 2.43457e-52
2.90026 2.2742e-52
2.9013 2.12274e-52
2.90233 1.97978e-52
2.90336 1.84493e-52
2.90439 1.71782e-52
2.90542 1.5981e-52
2.90645 1.48541e-52
2.90748 1.37943e-52
2.90851 1.27982e-52
2.90954 1.18628e-52
2.91058 1.09851e-52
2.91161 1.01621e-52
2.91264 9.39122e-53
2.91367 8.66967e-53
2.9147 7.99492e-53
2.91573 7.36451e-53
2.91676 6.77609e-53
2.91779 6.22737e-53
2.91882 5.71618e-53
2.91985 5.24046e-53
2.92089 4.79819e-53
2.92192 4.38747e-53
2.92295 4.00647e-53
2.92398 3.65346e-53
2.92501 3.32675e-53
2.92604 3.02475e-53
2.92707 2.74596e-53
2.9281 2.48891e-53
2.92913 2.25224e-53
2.93016 2.03462e-53
2.9312 1.83481e-53
2.93223 1.65163e-53
2.93326 1.48395e-53
2.93429 1.3307e-53
2.93532 1.19087e-53
2.93635 1.0635e-53
2.93738 9.47693e-54
2.93841 8.42589e-54
2.93944 7.47384e-54
2.94048 6.61316e-54
2.94151 5.8367e-54
2.94254 5.13774e-54
2.94357 4.50996e-54
2.9446 3.94744e-54
2.94563 3.44464e-54
2.94666 2.99637e-54
2.94769 2.5978e-54
2.94872 2.24443e-54
2.94975 1.93204e-54
2.95079 1.65676e-54
2.95182 1.41497e-54
2.95285 1.20332e-54
2.95388 1.01873e-54
2.95491 8.58368e-55
2.95594 7.19614e-55
2.95697 6.00074e-55
2.958 4.97559e-55
2.95903 4.10071e-55
2.96006 3.35794e-55
2.9611 2.73083e-55
2.96213 2.2045e-55
2.96316 1.76555e-55
2.96419 1.40197e-55
2.96522 1.10304e-55
2.96625 8.59216e-56
2.96728 6.62054e-56
2.96831 5.04122e-56
2.96934 3.78912e-56
2.97038 2.8076e-56
2.97141 2.04772e-56
2.97244 1.46752e-56
2.97347 1.03127e-56
2.9745 7.0887e-57
2.97553 4.75208e-57
2.97656 3.09573e-57
2.97759 1.9511e-57
2.97862 1.18311e-57
2.97965 6.85363e-58
2.98069 3.75801e-58
2.98172 1.92649e-58
2.98275 9.07637e-59
2.98378 3.83431e-59
2.98481 1.39897e-59
2.98584 4.1461e-60
2.98687 8.92776e-61
2.9879 1.09684e-61
2.98893 3.60408e-63
2.98996 1.40877e-70
